9.090000000000000857e-03,1.196399732057599976e-55
9.350000000000000672e-03,1.196399732057599976e-55
9.609999999999998752e-03,1.196399732057599976e-55
9.770000000000000906e-03,1.196399732057599976e-55
9.960000000000000103e-03,1.196399732057599976e-55
1.020000000000000073e-02,1.196399732057599976e-55
1.038000000000000034e-02,1.196399732057599976e-55
1.055999999999999994e-02,1.196399732057599976e-55
1.077000000000000006e-02,1.196399732057599976e-55
1.104000000000000120e-02,1.196399732057599976e-55
1.140000000000000041e-02,1.196399732057599976e-55
1.178000000000000054e-02,1.196399732057599976e-55
1.213000000000000016e-02,1.196399732057599976e-55
1.247999999999999977e-02,1.196399732057599976e-55
1.270999999999999908e-02,1.196399732057599976e-55
1.284000000000000072e-02,1.196399732057599976e-55
1.305000000000000084e-02,1.196399732057599976e-55
1.324000000000000003e-02,1.196399732057599976e-55
1.339000000000000086e-02,1.196399732057599976e-55
1.366000000000000027e-02,1.196399732057599976e-55
1.398000000000000111e-02,1.196399732057599976e-55
1.433000000000000072e-02,1.196399732057599976e-55
1.471999999999999871e-02,1.196399732057599976e-55
1.510000000000000057e-02,1.196399732057599976e-55
1.551999999999999907e-02,1.196399732057599976e-55
1.588000000000000175e-02,1.196399732057599976e-55
1.619999999999999912e-02,1.196399732057599976e-55
1.660000000000000017e-02,1.196399732057599976e-55
1.703000000000000000e-02,1.196399732057599976e-55
1.734000000000000125e-02,1.196399732057599976e-55
1.768000000000000127e-02,1.196399732057599976e-55
1.801999999999999783e-02,1.196399732057599976e-55
1.816999999999999865e-02,1.196399732057599976e-55
1.860999999999999807e-02,1.196399732057599976e-55
1.909999999999999892e-02,1.196399732057599976e-55
1.939000000000000098e-02,1.196399732057599976e-55
1.984000000000000000e-02,1.196399732057599976e-55
2.018000000000000002e-02,1.196399732057599976e-55
2.050000000000000086e-02,1.196399732057599976e-55
2.104999999999999927e-02,1.196399732057599976e-55
2.162000000000000033e-02,1.196399732057599976e-55
2.197999999999999954e-02,1.196399732057599976e-55
2.230000000000000038e-02,1.196399732057599976e-55
2.268000000000000224e-02,1.196399732057599976e-55
2.299999999999999961e-02,2.381854799366337061e+08
2.340000000000000066e-02,7.061383320151973963e+08
2.400000000000000050e-02,3.394901486887182236e+09
2.464999999999999830e-02,1.725195253230006790e+10
2.524000000000000202e-02,7.057639785390367126e+10
2.568000000000000144e-02,1.942821560891016541e+11
2.599999999999999881e-02,3.980759293280075073e+11
2.639999999999999986e-02,9.540262548588986816e+11
2.684999999999999887e-02,2.465916237340167969e+12
2.734999999999999931e-02,6.838896040379614258e+12
2.784999999999999976e-02,1.843705825088704297e+13
2.840000000000000163e-02,5.275852432034571094e+13
2.900000000000000147e-02,1.590613443770579375e+14
2.960000000000000131e-02,4.574175953180108750e+14
3.009999999999999828e-02,1.074849108479744250e+15
3.080000000000000099e-02,3.400177609705556000e+15
3.180000000000000188e-02,1.619535210893339800e+16
3.280000000000000276e-02,7.040794477162995200e+16
3.379999999999999671e-02,2.812313440962001920e+17
3.479999999999999760e-02,1.041458668717775360e+18
3.570000000000000256e-02,3.220831307871461888e+18
3.660000000000000059e-02,9.324958452807903232e+18
3.749999999999999861e-02,2.558318974245904794e+19
3.849999999999999950e-02,7.454966529206160589e+19
3.950000000000000039e-02,2.055303474499875635e+20
4.050000000000000128e-02,5.393995709175528161e+20
4.139999999999999930e-02,1.235664374863998484e+21
4.220000000000000140e-02,2.502674422707906413e+21
4.299999999999999656e-02,4.918873072782688649e+21
4.410000000000000031e-02,1.208040701450520415e+22
4.510000000000000120e-02,2.619300664988613057e+22
4.599999999999999922e-02,5.102939171559751392e+22
4.700000000000000011e-02,1.038769281760083113e+23
4.800000000000000100e-02,2.050397039198707709e+23
4.900000000000000189e-02,3.937818114097063836e+23
5.000000000000000278e-02,7.352289111401512116e+23
5.059999999999999915e-02,3.319897991284758993e+25
5.120000000000000245e-02,7.674560914426404358e+25
5.199999999999999761e-02,1.101154947588360794e+26
5.299999999999999850e-02,1.720451528292398341e+26
5.399999999999999939e-02,2.460904518862579422e+26
5.500000000000000028e-02,3.965923936602561662e+26
5.600000000000000117e-02,5.813151962502442960e+26
5.700000000000000205e-02,8.534918282543129299e+26
5.800000000000000294e-02,1.134164573315615640e+27
5.899999999999999689e-02,1.732714625545988682e+27
5.999999999999999778e-02,2.424042246718152729e+27
6.099999999999999867e-02,3.406309158332351256e+27
6.199999999999999956e-02,4.577384697261487521e+27
6.300000000000000044e-02,6.236415456109513265e+27
6.400000000000000133e-02,8.164090596392680732e+27
6.500000000000000222e-02,1.093700180857909854e+28
6.579999999999999738e-02,1.366512220759674022e+28
6.650000000000000355e-02,1.623981032297665913e+28
6.750000000000000444e-02,2.090012227126598434e+28
6.850000000000000533e-02,2.704259402761486947e+28
6.950000000000000622e-02,3.488412089944804407e+28
7.049999999999999323e-02,4.399891618612350688e+28
7.159999999999999698e-02,5.633708752290052343e+28
7.259999999999999787e-02,7.075994950079593803e+28
7.349999999999999589e-02,8.528281853229406924e+28
7.449999999999999678e-02,1.061523967184006090e+29
7.549999999999999767e-02,1.305219466086631216e+29
7.649999999999999856e-02,1.588887038957220379e+29
7.749999999999999944e-02,1.944697515670882634e+29
7.850000000000000033e-02,2.356497107045376181e+29
7.950000000000000122e-02,2.801752820527129393e+29
8.050000000000000211e-02,3.365976130565225493e+29
8.150000000000000300e-02,3.991477838479580617e+29
8.250000000000000389e-02,4.740329555168805046e+29
8.350000000000000477e-02,5.516730768488120447e+29
8.450000000000000566e-02,6.562776553418577029e+29
8.550000000000000655e-02,7.676684523950804544e+29
8.649999999999999356e-02,9.002014273133593123e+29
8.749999999999999445e-02,1.043935814363000550e+30
8.849999999999999534e-02,1.221195116504493801e+30
8.949999999999999623e-02,1.406836873728675631e+30
9.049999999999999711e-02,1.587806689999172590e+30
9.149999999999999800e-02,1.550541231145041997e+31
9.249999999999999889e-02,7.463356880527080145e+31
9.349999999999999978e-02,1.256198183465303175e+32
9.450000000000000067e-02,4.534802437998092351e+32
9.550000000000000155e-02,2.935411009393408192e+33
9.650000000000000244e-02,4.594003885939500768e+33
9.750000000000000333e-02,9.670317181462308033e+32
9.850000000000000422e-02,1.141487496795593727e+34
9.950000000000000511e-02,1.198182367658365932e+34
1.005000000000000060e-01,1.824827833716567435e+34
1.015000000000000069e-01,1.229888156957624225e+34
1.024999999999999939e-01,6.271632678622361386e+32
1.034999999999999948e-01,5.399448899154245900e+33
1.044999999999999957e-01,2.380506456868308192e+34
1.054999999999999966e-01,3.023878787580407504e+34
1.064999999999999974e-01,2.501951797269743257e+34
1.074999999999999983e-01,3.055710198851531769e+34
1.084999999999999992e-01,2.319083294624470903e+34
1.095000000000000001e-01,3.105920702806525301e+34
1.105000000000000010e-01,4.224449169103960435e+34
1.115000000000000019e-01,4.294322502655320620e+34
1.125000000000000028e-01,4.568810100381832142e+34
1.135000000000000037e-01,5.187445670233908299e+34
1.145000000000000046e-01,4.657706189672907234e+34
1.155000000000000054e-01,5.296123032694823622e+34
1.165000000000000063e-01,5.843192363374677134e+34
1.174999999999999933e-01,5.204003842525583928e+34
1.184999999999999942e-01,4.947642897139477816e+34
1.194999999999999951e-01,1.109589446059393390e+34
1.204999999999999960e-01,1.225346623574733791e+34
1.214999999999999969e-01,1.087126323250172795e+33
1.224999999999999978e-01,9.175494627081410629e+33
1.234999999999999987e-01,4.661502366022725448e+34
1.244999999999999996e-01,6.717325078006315680e+34
1.255000000000000004e-01,6.452036597819594318e+34
1.265000000000000013e-01,3.861345439623674880e+34
1.275000000000000022e-01,7.857522736250776365e+34
1.285000000000000031e-01,8.851516758038604415e+34
1.295000000000000040e-01,7.166063511108087312e+34
1.305000000000000049e-01,6.091820977292496057e+34
1.315000000000000058e-01,8.200920565744341363e+34
1.325000000000000067e-01,8.236642668944116875e+34
1.335000000000000075e-01,6.887322712334110030e+34
1.345000000000000084e-01,8.942837949586559695e+34
1.355000000000000093e-01,8.459260356287271474e+34
1.365000000000000102e-01,7.295624030892067964e+34
1.375000000000000111e-01,8.315837152807937918e+34
1.385000000000000120e-01,8.535238917671321230e+34
1.395000000000000129e-01,8.575333861891768454e+34
1.405000000000000138e-01,8.580937798236724664e+34
1.414999999999999869e-01,7.785804554312584763e+34
1.424999999999999878e-01,8.191470204260817414e+34
1.434999999999999887e-01,7.660200528442515127e+34
1.441999999999999948e-01,8.375096027936483181e+34
1.446999999999999953e-01,8.796140200040585171e+34
1.454999999999999905e-01,8.478174239651369020e+34
1.464999999999999913e-01,7.801628137168776071e+34
1.474999999999999922e-01,7.423800316186058175e+34
1.484999999999999931e-01,7.734335437839465840e+34
1.494999999999999940e-01,8.073312570323078037e+34
1.504999999999999949e-01,7.837228207595884575e+34
1.512000000000000011e-01,7.076621863539192124e+34
1.517000000000000015e-01,7.732589890630393721e+34
1.524999999999999967e-01,6.868036748653342216e+34
1.534999999999999976e-01,6.082029641885335239e+34
1.544999999999999984e-01,7.369354557179581712e+34
1.554999999999999993e-01,6.666955452886958030e+34
1.565000000000000002e-01,6.350794859693415128e+34
1.575000000000000011e-01,6.548789444151092041e+34
1.585000000000000020e-01,7.080863100589336919e+34
1.595000000000000029e-01,7.285710662712239215e+34
1.605000000000000038e-01,6.840159438496668372e+34
1.615000000000000047e-01,6.910998266631798168e+34
1.625000000000000056e-01,6.351036532439292700e+34
1.635000000000000064e-01,6.618393587762741142e+34
1.645000000000000073e-01,6.743094331835102432e+34
1.655000000000000082e-01,5.924200589232298039e+34
1.665000000000000091e-01,6.598734347365567919e+34
1.671999999999999875e-01,5.508912296239123983e+34
1.676999999999999880e-01,6.343940685628458295e+34
1.685000000000000109e-01,6.896984836570207757e+34
1.695000000000000118e-01,6.461023952606811622e+34
1.705000000000000127e-01,6.044773754229062308e+34
1.715000000000000135e-01,5.649770418692925668e+34
1.724999999999999867e-01,5.576188245972187447e+34
1.734999999999999876e-01,5.901859020635854506e+34
1.744999999999999885e-01,5.806589709972107443e+34
1.754999999999999893e-01,6.325659697722617336e+34
1.764999999999999902e-01,5.529557370015509781e+34
1.774999999999999911e-01,5.947262390467440181e+34
1.784999999999999920e-01,5.998968394087504415e+34
1.794999999999999929e-01,6.383860955488025161e+34
1.804999999999999938e-01,6.204936982759346088e+34
1.814999999999999947e-01,5.918418389327264352e+34
1.824999999999999956e-01,5.838317034466545223e+34
1.834999999999999964e-01,5.591509340940916711e+34
1.844999999999999973e-01,5.182579912523629839e+34
1.854999999999999982e-01,5.170063178526842504e+34
1.864999999999999991e-01,5.256992386658416403e+34
1.875000000000000000e-01,5.722552199992917495e+34
1.885000000000000009e-01,5.371535697005610317e+34
1.895000000000000018e-01,5.193001750589583420e+34
1.905000000000000027e-01,5.330654718161201487e+34
1.915000000000000036e-01,5.226552388275673590e+34
1.925000000000000044e-01,5.186830720771629008e+34
1.935000000000000053e-01,5.277003368576811398e+34
1.945000000000000062e-01,5.377283201318415329e+34
1.955000000000000071e-01,5.120202023293609685e+34
1.967000000000000137e-01,5.489739990532901177e+34
1.975999999999999979e-01,5.579923405935670312e+34
1.983999999999999930e-01,5.297675959547034399e+34
1.995000000000000107e-01,5.048675265312545208e+34
2.005000000000000115e-01,5.170828874355359301e+34
2.015000000000000124e-01,4.888332576822454345e+34
2.025000000000000133e-01,5.154374788840371540e+34
2.034999999999999865e-01,4.918623025238689258e+34
2.044999999999999873e-01,5.071332683438253153e+34
2.054999999999999882e-01,4.816375114937848995e+34
2.064999999999999891e-01,4.831182954421526702e+34
2.074000000000000010e-01,5.013486756393267906e+34
2.078000000000000125e-01,4.930470971785254348e+34
2.084999999999999909e-01,5.003218057493016578e+34
2.094999999999999918e-01,4.730526255764324855e+34
2.104999999999999927e-01,4.706982305437162710e+34
2.114999999999999936e-01,4.707599647698905825e+34
2.124999999999999944e-01,4.753371508647964649e+34
2.134999999999999953e-01,4.285670139793079242e+34
2.144999999999999962e-01,4.546338124214593145e+34
2.154999999999999971e-01,4.652577224021575865e+34
2.164999999999999980e-01,4.426047309554594220e+34
2.174999999999999989e-01,4.344001805129280688e+34
2.184999999999999998e-01,4.247451150352499601e+34
2.195000000000000007e-01,4.479678320343540423e+34
2.205000000000000016e-01,4.285415306650151100e+34
2.215000000000000024e-01,4.039029942229941921e+34
2.225000000000000033e-01,3.844161550272131370e+34
2.235000000000000042e-01,4.193865602753372509e+34
2.245000000000000051e-01,3.836559626374637340e+34
2.255000000000000060e-01,3.734379910858525743e+34
2.265000000000000069e-01,3.805576462513542404e+34
2.275000000000000078e-01,3.951332645470387400e+34
2.285000000000000087e-01,4.030863317658915358e+34
2.295000000000000095e-01,3.846544778538389567e+34
2.305000000000000104e-01,3.688861686652662687e+34
2.315000000000000113e-01,3.508852579367008051e+34
2.325000000000000122e-01,2.800845949530229656e+34
2.335000000000000131e-01,3.296130314207702599e+34
2.344999999999999862e-01,3.147884423408445408e+34
2.354999999999999871e-01,3.405642763681594836e+34
2.364999999999999880e-01,3.090152154338006092e+34
2.374999999999999889e-01,3.184960851104910335e+34
2.384999999999999898e-01,2.916968507523740098e+34
2.394999999999999907e-01,3.194633742938596191e+34
2.404999999999999916e-01,3.006036878376232645e+34
2.414999999999999925e-01,3.070830298665275847e+34
2.424999999999999933e-01,3.218239906051823751e+34
2.434999999999999942e-01,3.049761699383741109e+34
2.444999999999999951e-01,3.275485240431316801e+34
2.454999999999999960e-01,3.141504023637382426e+34
2.464999999999999969e-01,3.160599759760753184e+34
2.474999999999999978e-01,3.006946142172596399e+34
2.484999999999999987e-01,3.205872722021545239e+34
2.494999999999999996e-01,3.100206697686217974e+34
2.505000000000000004e-01,3.320545243539801782e+34
2.513000000000000234e-01,3.021550593701823251e+34
2.518000000000000238e-01,3.118631253559905429e+34
2.525000000000000022e-01,2.918575272363893829e+34
2.535000000000000031e-01,2.942866972523591325e+34
2.545000000000000040e-01,2.869538436546048411e+34
2.555000000000000049e-01,3.028256414200006863e+34
2.565000000000000058e-01,2.979126259203059862e+34
2.575000000000000067e-01,3.172793465829885097e+34
2.585000000000000075e-01,3.131145594757227557e+34
2.595000000000000084e-01,3.111144184036688781e+34
2.605000000000000093e-01,2.967871726923595037e+34
2.615000000000000102e-01,2.946968230805084439e+34
2.625000000000000111e-01,3.034541101992504438e+34
2.635000000000000120e-01,3.049610953017502681e+34
2.645000000000000129e-01,3.250106012915178996e+34
2.655000000000000138e-01,3.206025861187249336e+34
2.665000000000000147e-01,2.994427015376345701e+34
2.675000000000000155e-01,3.109877196720439545e+34
2.685000000000000164e-01,3.058918942932910201e+34
2.695000000000000173e-01,2.967539127798083857e+34
2.705000000000000182e-01,3.025038098920771752e+34
2.715000000000000191e-01,2.887931886026702005e+34
2.725000000000000200e-01,2.897306874327105356e+34
2.735000000000000209e-01,3.043179108057960107e+34
2.745000000000000218e-01,2.697331051913142002e+34
2.755000000000000226e-01,2.691237788077772013e+34
2.765000000000000235e-01,2.773294060100675058e+34
2.775000000000000244e-01,2.880527368084997427e+34
2.785000000000000253e-01,2.844518128949528000e+34
2.795000000000000262e-01,2.326375350991362386e+34
2.805000000000000271e-01,2.515607503811449109e+34
2.814999999999999725e-01,2.878975637632519484e+34
2.824999999999999734e-01,2.884966011090931212e+34
2.834999999999999742e-01,2.764449076881573721e+34
2.844999999999999751e-01,2.669146267025328513e+34
2.854999999999999760e-01,2.666139714498667640e+34
2.864999999999999769e-01,2.769292102996942626e+34
2.874999999999999778e-01,2.703322621771286565e+34
2.884999999999999787e-01,2.733079475907023267e+34
2.894999999999999796e-01,2.690135903924546916e+34
2.909999999999999809e-01,2.831411569884837058e+34
2.929999999999999827e-01,2.733908580921339237e+34
2.949999999999999845e-01,2.699890150940012930e+34
2.969999999999999862e-01,2.686635238308546461e+34
2.989999999999999880e-01,2.667374399022151564e+34
3.009999999999999898e-01,2.694712132899667638e+34
3.029999999999999916e-01,2.657392836057594612e+34
3.049999999999999933e-01,2.615198210307386908e+34
3.069999999999999951e-01,2.580238213736931996e+34
3.089999999999999969e-01,2.582096222520817672e+34
3.109999999999999987e-01,2.523841126767469197e+34
3.130000000000000004e-01,2.493888063075674956e+34
3.150000000000000022e-01,2.484547770367501202e+34
3.170000000000000040e-01,2.450376201220472181e+34
3.190000000000000058e-01,2.359178238844917666e+34
3.210000000000000075e-01,2.386684665084654075e+34
3.230000000000000093e-01,2.339516605648283385e+34
3.250000000000000111e-01,2.338823890203421517e+34
3.270000000000000129e-01,2.340255980682694892e+34
3.290000000000000147e-01,2.317415513397983206e+34
3.310000000000000164e-01,2.300764021927205534e+34
3.330000000000000182e-01,2.263812019802874207e+34
3.350000000000000200e-01,2.221866245196934623e+34
3.370000000000000218e-01,2.184765889505828230e+34
3.390000000000000235e-01,2.159435714378705271e+34
3.410000000000000253e-01,2.156987880526915067e+34
3.430000000000000271e-01,2.136602425492385519e+34
3.449999999999999734e-01,2.117662221334181760e+34
3.469999999999999751e-01,2.087676854849622207e+34
3.489999999999999769e-01,2.075596806755036686e+34
3.509999999999999787e-01,2.073291344471361527e+34
3.529999999999999805e-01,2.042787936902821155e+34
3.549999999999999822e-01,2.036508034709250766e+34
3.569999999999999840e-01,1.973815492349700187e+34
3.589999999999999858e-01,1.953956453197276687e+34
3.609999999999999876e-01,1.956407876248262166e+34
3.629999999999999893e-01,1.945028918396662358e+34
3.639999999999999902e-01,1.943221158401523670e+34
3.649999999999999911e-01,1.965322250651823619e+34
3.669999999999999929e-01,1.921402416487989297e+34
3.689999999999999947e-01,1.771674186420712434e+34
3.709999999999999964e-01,1.900581471950990768e+34
3.729999999999999982e-01,1.899058455092081248e+34
3.750000000000000000e-01,2.285378321372944724e+34
3.770000000000000018e-01,2.357938768722506094e+34
3.790000000000000036e-01,2.699011993536683036e+34
3.810000000000000053e-01,2.985976844068822344e+34
3.830000000000000071e-01,2.438766338220585237e+34
3.850000000000000089e-01,3.107849299174602082e+34
3.870000000000000107e-01,3.342704959376972103e+34
3.890000000000000124e-01,2.249340368643905260e+34
3.910000000000000142e-01,3.333719997389220006e+34
3.930000000000000160e-01,3.205335538541850831e+34
3.950000000000000178e-01,3.231040186785109265e+34
3.970000000000000195e-01,2.072117676334213182e+34
3.990000000000000213e-01,3.181033070784565666e+34
4.010000000000000231e-01,3.359346879649894480e+34
4.030000000000000249e-01,3.300781916365942074e+34
4.050000000000000266e-01,3.291467944451874533e+34
4.069999999999999729e-01,3.172889177808449120e+34
4.089999999999999747e-01,2.772006733988981475e+34
4.109999999999999765e-01,2.267541197767697973e+34
4.129999999999999782e-01,2.996000281024001287e+34
4.149999999999999800e-01,3.064052694183168756e+34
4.169999999999999818e-01,3.040579331440200023e+34
4.189999999999999836e-01,3.010966045272309355e+34
4.209999999999999853e-01,2.987166065402488080e+34
4.229999999999999871e-01,2.940877359769179656e+34
4.249999999999999889e-01,2.915555559440180543e+34
4.269999999999999907e-01,2.838634235067268425e+34
4.289999999999999925e-01,2.804449505523186989e+34
4.309999999999999942e-01,2.674013221135338885e+34
4.329999999999999960e-01,2.313615747848967873e+34
4.349999999999999978e-01,2.051410389771760354e+34
4.369999999999999996e-01,2.681777855396393229e+34
4.390000000000000013e-01,2.643829252295257508e+34
4.410000000000000031e-01,2.661452220348466657e+34
4.430000000000000049e-01,2.645177594793286901e+34
4.450000000000000067e-01,2.639160900540769421e+34
4.470000000000000084e-01,2.600624865171193456e+34
4.490000000000000102e-01,2.585563388944320442e+34
4.510000000000000120e-01,2.633201633475390170e+34
4.530000000000000138e-01,2.542918916894859431e+34
4.550000000000000155e-01,2.512063767805094290e+34
4.570000000000000173e-01,2.546730646441195267e+34
4.590000000000000191e-01,2.483833519727463074e+34
4.610000000000000209e-01,2.485582656135730928e+34
4.630000000000000226e-01,2.423679737599338844e+34
4.650000000000000244e-01,2.424913225723089934e+34
4.670000000000000262e-01,2.409342083210361098e+34
4.689999999999999725e-01,2.373872420354048981e+34
4.709999999999999742e-01,2.308145808274000558e+34
4.729999999999999760e-01,2.329987281782444025e+34
4.749999999999999778e-01,2.338083318769278099e+34
4.769999999999999796e-01,2.310077993841273075e+34
4.789999999999999813e-01,2.279745671434417554e+34
4.809999999999999831e-01,2.233551481379941242e+34
4.829999999999999849e-01,2.200948392281639698e+34
4.849999999999999867e-01,1.895511129886530233e+34
4.869999999999999885e-01,1.631996910502451948e+34
4.889999999999999902e-01,2.103744503251155833e+34
4.909999999999999920e-01,2.127633016701150121e+34
4.929999999999999938e-01,2.095691536654675662e+34
4.949999999999999956e-01,2.121384220900613133e+34
4.969999999999999973e-01,2.090432163432550673e+34
4.989999999999999991e-01,2.032390026831508119e+34
5.010000000000000009e-01,1.963297942305182353e+34
5.030000000000000027e-01,1.989607968812860632e+34
5.050000000000000044e-01,1.952331742361141970e+34
5.070000000000000062e-01,1.981342043064075002e+34
5.090000000000000080e-01,1.930442412863416260e+34
5.110000000000000098e-01,1.929180211146095364e+34
5.130000000000000115e-01,1.889501614032405147e+34
5.150000000000000133e-01,1.848773774353700414e+34
5.170000000000000151e-01,1.810662460889005300e+34
5.190000000000000169e-01,1.812165138952469549e+34
5.210000000000000187e-01,1.816435089596183690e+34
5.230000000000000204e-01,1.821766246802232157e+34
5.250000000000000222e-01,1.830121902530922251e+34
5.270000000000000240e-01,1.756147310698069183e+34
5.290000000000000258e-01,1.812516880473694779e+34
5.310000000000000275e-01,1.822981788930002493e+34
5.330000000000000293e-01,1.745618993055962065e+34
5.350000000000000311e-01,1.777958874213210932e+34
5.370000000000000329e-01,1.763965782947065560e+34
5.390000000000000346e-01,1.732709839947060344e+34
5.410000000000000364e-01,1.709936371047344028e+34
5.430000000000000382e-01,1.704922259770290732e+34
5.450000000000000400e-01,1.717888840066331375e+34
5.470000000000000417e-01,1.677924303416678694e+34
5.490000000000000435e-01,1.671700632010515545e+34
5.510000000000000453e-01,1.649972816476617316e+34
5.530000000000000471e-01,1.660895946030302874e+34
5.550000000000000488e-01,1.652758035052847271e+34
5.570000000000000506e-01,1.628597938863675998e+34
5.590000000000000524e-01,1.603631469255098081e+34
5.610000000000000542e-01,1.614366764050851328e+34
5.629999999999999449e-01,1.589702983574483794e+34
5.649999999999999467e-01,1.584276114389870150e+34
5.669999999999999485e-01,1.556328216649004739e+34
5.689999999999999503e-01,1.569814034428757883e+34
5.709999999999999520e-01,1.534533402730111602e+34
5.729999999999999538e-01,1.576261432584816234e+34
5.749999999999999556e-01,1.537459796474723998e+34
5.769999999999999574e-01,1.534422137555029957e+34
5.789999999999999591e-01,1.494938553597664905e+34
5.809999999999999609e-01,1.513757921382931261e+34
5.829999999999999627e-01,1.522910379333172013e+34
5.849999999999999645e-01,1.492150942221970665e+34
5.869999999999999662e-01,1.472963083319231159e+34
5.889999999999999680e-01,1.420365761898783002e+34
5.909999999999999698e-01,1.452142138782232630e+34
5.929999999999999716e-01,1.445289161117006786e+34
5.949999999999999734e-01,1.431239839063454405e+34
5.969999999999999751e-01,1.437073484156967222e+34
5.989999999999999769e-01,1.412175209333116586e+34
6.009999999999999787e-01,1.398647517562741221e+34
6.029999999999999805e-01,1.408176841428580121e+34
6.049999999999999822e-01,1.410749100852503694e+34
6.069999999999999840e-01,1.402566923084961815e+34
6.089999999999999858e-01,1.367860563257703132e+34
6.109999999999999876e-01,1.365586207367061603e+34
6.129999999999999893e-01,1.319845452811035487e+34
6.149999999999999911e-01,1.314692559165063113e+34
6.169999999999999929e-01,1.290171150256810854e+34
6.189999999999999947e-01,1.312551003644679950e+34
6.209999999999999964e-01,1.299215932231166388e+34
6.229999999999999982e-01,1.270227166723410307e+34
6.250000000000000000e-01,1.237944712753300362e+34
6.270000000000000018e-01,1.263527328223887869e+34
6.290000000000000036e-01,1.267835563659027343e+34
6.310000000000000053e-01,1.243845356231808549e+34
6.330000000000000071e-01,1.248066254486507614e+34
6.350000000000000089e-01,1.233339770184610526e+34
6.370000000000000107e-01,1.225311927982504195e+34
6.390000000000000124e-01,1.235524396095347591e+34
6.410000000000000142e-01,1.217928945235976567e+34
6.430000000000000160e-01,1.216669136318119956e+34
6.450000000000000178e-01,1.207479589976185553e+34
6.470000000000000195e-01,1.203086410160070186e+34
6.490000000000000213e-01,1.179423059139649210e+34
6.510000000000000231e-01,1.190568958323444026e+34
6.530000000000000249e-01,1.173545266896023447e+34
6.550000000000000266e-01,1.100357666806917468e+34
6.570000000000000284e-01,9.791845073445256896e+33
6.590000000000000302e-01,1.132752343071894773e+34
6.610000000000000320e-01,1.149676613681581341e+34
6.630000000000000338e-01,1.141637286042047134e+34
6.650000000000000355e-01,1.134220684463048953e+34
6.670000000000000373e-01,1.113568910848163387e+34
6.690000000000000391e-01,1.121156836868792387e+34
6.710000000000000409e-01,1.092955780944623372e+34
6.730000000000000426e-01,1.105088949187312101e+34
6.750000000000000444e-01,1.088652331108412238e+34
6.770000000000000462e-01,1.087523049401323269e+34
6.790000000000000480e-01,1.075330180812004432e+34
6.810000000000000497e-01,1.072785438581917831e+34
6.830000000000000515e-01,1.074065825575165910e+34
6.850000000000000533e-01,1.053991913030864370e+34
6.870000000000000551e-01,1.059403468298907280e+34
6.889999999999999458e-01,1.066249028285794302e+34
6.909999999999999476e-01,1.059920671903075715e+34
6.929999999999999494e-01,1.048837703345186985e+34
6.949999999999999512e-01,1.041120685793469145e+34
6.969999999999999529e-01,1.048776088758986141e+34
6.989999999999999547e-01,1.046602709005730062e+34
7.009999999999999565e-01,1.035827574098899928e+34
7.029999999999999583e-01,1.040525716206716980e+34
7.049999999999999600e-01,1.027233356263637333e+34
7.069999999999999618e-01,9.938709122553984242e+33
7.089999999999999636e-01,9.726435507294201338e+33
7.109999999999999654e-01,9.539457371569311566e+33
7.129999999999999671e-01,9.397496168562553794e+33
7.149999999999999689e-01,9.373441355549802533e+33
7.169999999999999707e-01,9.396840541509386961e+33
7.189999999999999725e-01,9.223851907851447055e+33
7.209999999999999742e-01,9.345511403804919490e+33
7.229999999999999760e-01,9.415974562424181898e+33
7.249999999999999778e-01,9.420373724238959823e+33
7.269999999999999796e-01,9.398521483132928456e+33
7.289999999999999813e-01,9.309203064736436107e+33
7.309999999999999831e-01,9.495463360622091094e+33
7.329999999999999849e-01,9.496017293698031578e+33
7.349999999999999867e-01,9.677617612627324628e+33
7.369999999999999885e-01,9.957011645655003536e+33
7.389999999999999902e-01,9.756161255036904641e+33
7.409999999999999920e-01,9.943895515392456607e+33
7.429999999999999938e-01,1.019998607443911788e+34
7.449999999999999956e-01,1.009834952440136117e+34
7.469999999999999973e-01,1.045424015989707181e+34
7.489999999999999991e-01,1.049932528739993017e+34
7.510000000000000009e-01,1.056300246673896210e+34
7.530000000000000027e-01,1.089205187424596214e+34
7.550000000000000044e-01,1.102725222236686098e+34
7.570000000000000062e-01,1.106061023969609073e+34
7.590000000000000080e-01,1.054511030874604233e+34
7.610000000000000098e-01,1.001950319285956639e+34
7.630000000000000115e-01,9.512701087961576176e+33
7.650000000000000133e-01,9.001333521686054059e+33
7.670000000000000151e-01,8.545803127305389626e+33
7.690000000000000169e-01,8.656641187682400778e+33
7.710000000000000187e-01,8.522076127819223510e+33
7.730000000000000204e-01,8.500197565919086161e+33
7.750000000000000222e-01,8.440303402532819104e+33
7.770000000000000240e-01,8.458778207195250780e+33
7.790000000000000258e-01,8.511441330600963779e+33
7.810000000000000275e-01,8.514731429864121676e+33
7.830000000000000293e-01,8.496957715444672485e+33
7.850000000000000311e-01,8.377318938638645810e+33
7.870000000000000329e-01,8.373569421878377465e+33
7.890000000000000346e-01,8.302511652592281727e+33
7.910000000000000364e-01,8.076413638428571943e+33
7.930000000000000382e-01,8.155969435011473050e+33
7.950000000000000400e-01,8.080892959025393040e+33
7.970000000000000417e-01,8.274234744925098106e+33
7.990000000000000435e-01,8.201549872003403828e+33
8.010000000000000453e-01,8.414347510345828264e+33
8.030000000000000471e-01,8.508690807616962960e+33
8.050000000000000488e-01,8.529894600068219196e+33
8.070000000000000506e-01,8.879770934110877098e+33
8.090000000000000524e-01,8.967937219565396901e+33
8.110000000000000542e-01,9.094378725247904045e+33
8.129999999999999449e-01,9.689915405473144870e+33
8.149999999999999467e-01,1.012705474317261723e+34
8.169999999999999485e-01,1.035003015403565639e+34
8.189999999999999503e-01,1.019754182978652479e+34
8.209999999999999520e-01,9.156826005662382240e+33
8.229999999999999538e-01,8.956253179782121963e+33
8.249999999999999556e-01,8.870718973738127787e+33
8.269999999999999574e-01,8.825091877156649215e+33
8.289999999999999591e-01,8.650951110556736763e+33
8.309999999999999609e-01,8.361459463790489764e+33
8.329999999999999627e-01,8.287343696789254485e+33
8.349999999999999645e-01,8.193622527378788937e+33
8.369999999999999662e-01,8.226565394000995208e+33
8.389999999999999680e-01,8.069391968401126685e+33
8.409999999999999698e-01,8.217146138910504659e+33
8.429999999999999716e-01,7.878425035969553898e+33
8.449999999999999734e-01,7.408798659945789289e+33
8.469999999999999751e-01,7.365965156738664056e+33
8.489999999999999769e-01,7.604533245309608770e+33
8.509999999999999787e-01,7.216587471792879358e+33
8.529999999999999805e-01,7.642983139898475085e+33
8.549999999999999822e-01,7.258611012381401749e+33
8.569999999999999840e-01,8.003964456254091296e+33
8.589999999999999858e-01,7.691121479517545570e+33
8.609999999999999876e-01,7.882681826216214933e+33
8.629999999999999893e-01,8.415219685750501364e+33
8.649999999999999911e-01,8.332559231862907157e+33
8.669999999999999929e-01,7.657997956535798460e+33
8.689999999999999947e-01,8.562756111508647845e+33
8.709999999999999964e-01,8.962742451928801844e+33
8.729999999999999982e-01,8.989152976013973409e+33
8.750000000000000000e-01,8.479461565763064217e+33
8.770000000000000018e-01,9.123336384362627188e+33
8.790000000000000036e-01,9.770729814574172290e+33
8.810000000000000053e-01,9.783632985684412837e+33
8.830000000000000071e-01,9.731382620186262492e+33
8.850000000000000089e-01,8.931973443619746354e+33
8.870000000000000107e-01,7.802569703757907904e+33
8.890000000000000124e-01,8.070332338590523840e+33
8.910000000000000142e-01,8.340520075680017427e+33
8.930000000000000160e-01,8.337819801484764288e+33
8.950000000000000178e-01,8.438348485370635417e+33
8.970000000000000195e-01,8.432778048218176431e+33
8.990000000000000213e-01,8.335133884086294554e+33
9.010000000000000231e-01,7.943663516958922298e+33
9.030000000000000249e-01,8.594459508008440930e+33
9.050000000000000266e-01,9.357508900317992711e+33
9.070000000000000284e-01,9.722444317788058650e+33
9.090000000000000302e-01,9.947473946991040101e+33
9.110000000000000320e-01,1.019002724306947025e+34
9.130000000000000338e-01,1.027607350819878453e+34
9.150000000000000355e-01,1.021727165776788520e+34
9.170000000000000373e-01,1.020365543241733844e+34
9.190000000000000391e-01,1.023539950650802322e+34
9.210000000000000409e-01,9.616292555161516570e+33
9.230000000000000426e-01,8.457036249185374628e+33
9.250000000000000444e-01,8.836507923399941521e+33
9.270000000000000462e-01,9.157779536248831809e+33
9.290000000000000480e-01,8.918065296734575261e+33
9.310000000000000497e-01,8.852886635731809376e+33
9.330000000000000515e-01,9.078799207937052057e+33
9.350000000000000533e-01,9.039388604363342164e+33
9.370000000000000551e-01,8.850849166988115926e+33
9.389999999999999458e-01,9.097515685345359229e+33
9.409999999999999476e-01,9.129575608965306575e+33
9.429999999999999494e-01,9.363435864590604805e+33
9.449999999999999512e-01,9.376555584052349314e+33
9.469999999999999529e-01,9.624133759005420657e+33
9.489999999999999547e-01,9.579588207781720529e+33
9.509999999999999565e-01,9.094145427300152394e+33
9.529999999999999583e-01,9.197373188981547978e+33
9.549999999999999600e-01,8.936598724983879615e+33
9.569999999999999618e-01,9.413374785806421814e+33
9.589999999999999636e-01,9.642479352496791318e+33
9.609999999999999654e-01,9.610041366561515757e+33
9.629999999999999671e-01,9.764096974459643376e+33
9.649999999999999689e-01,9.710668155225414503e+33
9.669999999999999707e-01,9.716861916638277086e+33
9.689999999999999725e-01,9.762792898751700259e+33
9.709999999999999742e-01,9.432787567858789819e+33
9.729999999999999760e-01,9.218927526554297762e+33
9.749999999999999778e-01,9.202741434579289866e+33
9.769999999999999796e-01,9.251938587961230392e+33
9.789999999999999813e-01,9.214458973555061335e+33
9.809999999999999831e-01,9.318635480223975612e+33
9.829999999999999849e-01,9.225578312664806507e+33
9.849999999999999867e-01,9.218551857038431526e+33
9.869999999999999885e-01,9.170913612507362028e+33
9.889999999999999902e-01,9.161177311487876769e+33
9.909999999999999920e-01,9.185742987186215995e+33
9.929999999999999938e-01,9.275349737918132786e+33
9.949999999999999956e-01,9.338938383676995397e+33
9.969999999999999973e-01,9.332628571490124212e+33
9.989999999999999991e-01,9.305548063555000104e+33
1.002499999999999947e+00,9.365790379263295271e+33
1.007500000000000062e+00,9.228515474007006572e+33
1.012499999999999956e+00,9.587922328315235054e+33
1.017500000000000071e+00,9.552528038642042843e+33
1.022499999999999964e+00,9.629187351473633273e+33
1.027500000000000080e+00,9.673304591593256354e+33
1.032499999999999973e+00,9.626522969270340951e+33
1.037500000000000089e+00,9.562173413281891036e+33
1.042499999999999982e+00,9.561976007326101354e+33
1.047500000000000098e+00,9.381154544622377746e+33
1.052499999999999991e+00,9.178437770422271406e+33
1.057500000000000107e+00,8.937563023167918467e+33
1.062500000000000000e+00,8.776527619232965967e+33
1.067499999999999893e+00,8.813240341410883547e+33
1.072500000000000009e+00,8.907495105101847767e+33
1.077499999999999902e+00,8.847640422906739108e+33
1.082500000000000018e+00,8.728388083214164492e+33
1.087499999999999911e+00,8.582523027881702367e+33
1.092500000000000027e+00,8.310862522722043943e+33
1.097499999999999920e+00,8.260283527649575647e+33
1.102500000000000036e+00,8.118957612900539439e+33
1.107499999999999929e+00,7.880060514403277436e+33
1.112500000000000044e+00,7.920622054519226579e+33
1.117499999999999938e+00,7.904526888923854597e+33
1.122500000000000053e+00,7.902183141848754566e+33
1.127499999999999947e+00,7.892304469261154723e+33
1.132500000000000062e+00,7.875733136572426910e+33
1.137499999999999956e+00,7.861472051766297984e+33
1.142500000000000071e+00,7.825952140121241185e+33
1.147499999999999964e+00,7.831897050389835417e+33
1.152500000000000080e+00,7.808077928124302397e+33
1.157499999999999973e+00,7.750498798219565103e+33
1.162500000000000089e+00,7.677459790977179697e+33
1.167499999999999982e+00,7.643498788182993925e+33
1.172500000000000098e+00,7.607140200325761709e+33
1.177499999999999991e+00,7.484888486504921383e+33
1.182500000000000107e+00,7.383472074017863912e+33
1.187500000000000000e+00,7.258587084386761204e+33
1.192499999999999893e+00,7.292885471905388109e+33
1.197500000000000009e+00,7.190653114801067083e+33
1.202499999999999902e+00,7.250001719909516348e+33
1.207500000000000018e+00,7.217131833670965007e+33
1.212499999999999911e+00,7.200542554986255056e+33
1.217500000000000027e+00,7.186632015301620832e+33
1.222499999999999920e+00,7.140809905563814558e+33
1.227500000000000036e+00,7.095472337717492572e+33
1.232499999999999929e+00,7.045947370808968053e+33
1.237500000000000044e+00,7.010799539480579908e+33
1.242499999999999938e+00,6.915866417141541605e+33
1.247500000000000053e+00,6.858625868360977587e+33
1.252499999999999947e+00,6.820484644902980985e+33
1.257500000000000062e+00,6.770238248956026405e+33
1.262499999999999956e+00,6.730560848242067177e+33
1.267500000000000071e+00,6.696682397029392322e+33
1.272499999999999964e+00,6.675533638965810031e+33
1.277500000000000080e+00,6.641183806258704456e+33
1.282499999999999973e+00,6.455542049034522190e+33
1.287500000000000089e+00,6.567746397905545565e+33
1.292499999999999982e+00,6.528341776330495232e+33
1.297500000000000098e+00,6.545069837384125645e+33
1.302499999999999991e+00,6.489798562562528718e+33
1.307500000000000107e+00,6.463946757152227360e+33
1.312500000000000000e+00,6.368426202544749736e+33
1.317499999999999893e+00,6.311728819242539225e+33
1.322500000000000009e+00,6.263809420774435833e+33
1.327499999999999902e+00,6.170408886492163729e+33
1.332500000000000018e+00,6.141980036059010689e+33
1.337499999999999911e+00,6.069319091131956956e+33
1.342500000000000027e+00,6.036340332517788715e+33
1.347499999999999920e+00,5.969978432180018037e+33
1.352500000000000036e+00,5.915374748408909368e+33
1.357499999999999929e+00,5.827658309253641719e+33
1.362500000000000044e+00,5.813169908498425314e+33
1.367499999999999938e+00,5.852440533303484907e+33
1.372500000000000053e+00,5.887922160157116605e+33
1.377499999999999947e+00,5.910613077475321082e+33
1.382500000000000062e+00,5.909855756444926746e+33
1.387499999999999956e+00,5.854329648480401907e+33
1.392500000000000071e+00,5.127858981578778697e+33
1.397499999999999964e+00,5.068677872432816703e+33
1.402500000000000080e+00,5.067306798339878792e+33
1.407499999999999973e+00,5.098835520478793481e+33
1.412500000000000089e+00,5.079348561643038981e+33
1.417499999999999982e+00,5.113929299498431345e+33
1.422500000000000098e+00,5.107373028966756094e+33
1.427499999999999991e+00,5.106797560695635893e+33
1.432500000000000107e+00,5.182351400174806181e+33
1.437500000000000000e+00,5.224425189552075676e+33
1.442499999999999893e+00,5.185612785844395541e+33
1.447500000000000009e+00,5.263084454094053098e+33
1.452499999999999902e+00,5.256945727068865612e+33
1.457000000000000073e+00,5.296490327412565091e+33
1.461999999999999966e+00,4.989540815756134927e+33
1.467500000000000027e+00,4.962530895405202616e+33
1.472499999999999920e+00,4.983195111577301773e+33
1.477500000000000036e+00,5.048049548252679516e+33
1.482499999999999929e+00,5.103636672603540741e+33
1.487500000000000044e+00,5.137612032194512223e+33
1.492499999999999938e+00,5.233144550799311272e+33
1.497500000000000053e+00,5.254204775282720781e+33
1.502499999999999947e+00,5.288438557215816601e+33
1.507500000000000062e+00,5.312161967502788595e+33
1.512499999999999956e+00,5.386092292545554465e+33
1.517500000000000071e+00,5.433496042729141322e+33
1.522499999999999964e+00,5.465248491617948792e+33
1.527500000000000080e+00,5.501913357806587588e+33
1.532499999999999973e+00,5.513441865624693222e+33
1.537500000000000089e+00,5.457748261697681112e+33
1.542499999999999982e+00,5.403613566621537725e+33
1.547500000000000098e+00,5.457352253386369607e+33
1.552499999999999991e+00,5.474532553538717612e+33
1.557500000000000107e+00,5.207853856863345558e+33
1.562500000000000000e+00,5.100430321321625902e+33
1.567499999999999893e+00,5.229564922800995636e+33
1.572500000000000009e+00,5.389117987467928465e+33
1.577499999999999902e+00,5.032112307421940548e+33
1.582500000000000018e+00,4.784392957300487340e+33
1.587499999999999911e+00,4.952774255590273239e+33
1.592500000000000027e+00,5.219519950650638358e+33
1.597499999999999920e+00,4.977881900367234406e+33
1.604999999999999982e+00,4.911926775938362786e+33
1.614999999999999991e+00,5.213413526418217567e+33
1.625000000000000000e+00,4.872963625864443069e+33
1.635000000000000009e+00,5.264179159848885109e+33
1.645000000000000018e+00,4.968321470108361992e+33
1.655000000000000027e+00,5.237078313118316883e+33
1.665000000000000036e+00,5.149273340382877029e+33
1.675000000000000044e+00,5.204742021160264214e+33
1.685000000000000053e+00,5.189346749408146610e+33
1.695000000000000062e+00,5.173155871834211296e+33
1.705000000000000071e+00,5.197948863481640884e+33
1.715000000000000080e+00,5.077363734487555190e+33
1.725000000000000089e+00,5.046204699865847754e+33
1.735000000000000098e+00,4.903346197060045347e+33
1.745000000000000107e+00,4.825625677666119439e+33
1.754999999999999893e+00,4.757124614607429537e+33
1.764999999999999902e+00,4.620417999223868184e+33
1.774999999999999911e+00,4.504284673632768344e+33
1.784999999999999920e+00,4.401504365451163512e+33
1.794999999999999929e+00,4.258118250363525451e+33
1.804999999999999938e+00,4.135329353062988872e+33
1.814999999999999947e+00,4.040951360199626078e+33
1.824999999999999956e+00,3.997056650430164789e+33
1.834999999999999964e+00,3.952720469159573461e+33
1.844999999999999973e+00,3.880155236211084212e+33
1.854999999999999982e+00,3.813906993847858427e+33
1.864999999999999991e+00,3.720463389175231497e+33
1.875000000000000000e+00,3.637929753659238633e+33
1.885000000000000009e+00,3.616796548792172465e+33
1.895000000000000018e+00,3.536722711125289963e+33
1.905000000000000027e+00,3.526493493416197148e+33
1.915000000000000036e+00,3.471660100896533255e+33
1.925000000000000044e+00,3.425408483654918944e+33
1.935000000000000053e+00,3.362067492640593119e+33
1.945000000000000062e+00,3.281738821830781553e+33
1.955000000000000071e+00,3.239493947291827783e+33
1.965000000000000080e+00,3.166163018514820929e+33
1.975000000000000089e+00,3.090901100570273817e+33
1.985000000000000098e+00,3.044051283462630325e+33
1.995000000000000107e+00,3.012964032824845676e+33
2.004999999999999893e+00,2.990621267828669886e+33
2.015000000000000124e+00,2.961942369851517505e+33
2.024999999999999911e+00,2.921584217690018180e+33
2.035000000000000142e+00,2.901373437016368758e+33
2.044999999999999929e+00,2.895762322273019231e+33
2.055000000000000160e+00,2.871417980525111384e+33
2.064999999999999947e+00,2.847645517849126159e+33
2.075000000000000178e+00,2.827776907498845864e+33
2.084999999999999964e+00,2.803863269654478773e+33
2.095000000000000195e+00,2.777750649102589368e+33
2.104999999999999982e+00,2.761910316650146450e+33
2.115000000000000213e+00,2.727127387240036410e+33
2.125000000000000000e+00,2.696519892894806902e+33
2.134999999999999787e+00,2.674082612319798193e+33
2.145000000000000018e+00,2.643156875645841256e+33
2.154999999999999805e+00,2.610270239811042225e+33
2.165000000000000036e+00,2.564037764965140465e+33
2.174999999999999822e+00,2.538436007098840177e+33
2.185000000000000053e+00,2.510111243442376042e+33
2.194999999999999840e+00,2.480659471238313778e+33
2.205000000000000071e+00,2.439414786875360253e+33
2.214999999999999858e+00,2.416376913634859232e+33
2.225000000000000089e+00,2.374020773920824566e+33
2.234999999999999876e+00,2.342929934083843489e+33
2.245000000000000107e+00,2.311212180787264117e+33
2.254999999999999893e+00,2.281012658750666675e+33
2.265000000000000124e+00,2.244997437616536593e+33
2.274999999999999911e+00,2.222435731469394285e+33
2.285000000000000142e+00,2.185635672111034336e+33
2.294999999999999929e+00,1.809174139622325896e+33
2.305000000000000160e+00,1.931632830596813620e+33
2.314999999999999947e+00,1.930760655192143978e+33
2.325000000000000178e+00,1.638069835542375861e+33
2.334999999999999964e+00,1.776706243693746484e+33
2.345000000000000195e+00,1.645980430570740756e+33
2.354999999999999982e+00,1.511115074374815891e+33
2.365000000000000213e+00,1.629979780554202846e+33
2.375000000000000000e+00,1.519628654868138248e+33
2.384999999999999787e+00,1.428713042829348616e+33
2.395000000000000018e+00,1.508967536855772534e+33
2.404999999999999805e+00,1.447526428615954722e+33
2.415000000000000036e+00,1.352395900321126449e+33
2.424999999999999822e+00,1.387464769267198664e+33
2.435000000000000053e+00,1.312149013334708885e+33
2.444999999999999840e+00,1.248779308726813801e+33
2.455000000000000071e+00,1.209579271505946437e+33
2.464999999999999858e+00,1.166037021097549432e+33
2.475000000000000089e+00,1.104665902242056769e+33
2.484999999999999876e+00,9.143036302350688645e+32
2.495000000000000107e+00,8.209393468646774506e+32
2.504999999999999893e+00,8.258098901738836449e+32
2.515000000000000124e+00,7.834561432593128315e+32
2.524999999999999911e+00,7.895632853315739452e+32
2.535000000000000142e+00,7.850302463867808303e+32
2.544999999999999929e+00,7.739395012306338361e+32
2.555000000000000160e+00,7.733469244433454950e+32
2.564999999999999947e+00,7.828143944430371509e+32
2.575000000000000178e+00,7.984927343717589527e+32
2.584999999999999964e+00,7.926344434437657577e+32
2.595000000000000195e+00,7.978164096032268319e+32
2.604999999999999982e+00,7.986713568517552358e+32
2.615000000000000213e+00,7.860703963138318689e+32
2.625000000000000000e+00,7.770867503657846097e+32
2.634999999999999787e+00,7.804684938484186007e+32
2.645000000000000018e+00,7.763205759773746094e+32
2.654999999999999805e+00,7.678303252788278783e+32
2.665000000000000036e+00,7.583291168066926279e+32
2.674999999999999822e+00,7.622233979345399862e+32
2.685000000000000053e+00,7.580054906791711337e+32
2.694999999999999840e+00,7.461033472247425240e+32
2.705000000000000071e+00,7.470031594632228138e+32
2.714999999999999858e+00,7.417729783945599124e+32
2.725000000000000089e+00,7.390748577188235639e+32
2.734999999999999876e+00,7.277341846586494632e+32
2.745000000000000107e+00,7.271353865927547881e+32
2.754999999999999893e+00,7.218212182629013325e+32
2.765000000000000124e+00,7.159896070489329847e+32
2.774999999999999911e+00,7.086437126940994409e+32
2.785000000000000142e+00,7.073562669424322111e+32
2.794999999999999929e+00,7.050332175826958826e+32
2.805000000000000160e+00,6.999232746871048020e+32
2.814999999999999947e+00,6.936901517230576409e+32
2.825000000000000178e+00,6.917455235985714179e+32
2.834999999999999964e+00,6.898737562177671693e+32
2.845000000000000195e+00,6.850934214483578633e+32
2.854999999999999982e+00,6.811139566595878084e+32
2.865000000000000213e+00,6.771097263963643632e+32
2.875000000000000000e+00,6.717423182784343124e+32
2.884999999999999787e+00,6.706673531191804916e+32
2.895000000000000018e+00,6.677055459424986946e+32
2.904999999999999805e+00,6.643277505789805722e+32
2.915000000000000036e+00,6.614935992537092169e+32
2.924999999999999822e+00,6.556921373129889007e+32
2.935000000000000053e+00,6.550319639408394070e+32
2.944999999999999840e+00,6.502200442185037289e+32
2.955000000000000071e+00,6.470248194540974700e+32
2.964999999999999858e+00,6.448814693341162520e+32
2.975000000000000089e+00,6.415280805251320789e+32
2.984999999999999876e+00,6.375706294914319765e+32
2.995000000000000107e+00,6.342983565842812442e+32
3.004999999999999893e+00,6.328857674206408128e+32
3.015000000000000124e+00,6.344324729942448663e+32
3.024999999999999911e+00,6.335137576399977190e+32
3.035000000000000142e+00,6.307372727818117278e+32
3.044999999999999929e+00,6.331518467210504742e+32
3.055000000000000160e+00,6.334565697328054713e+32
3.064999999999999947e+00,6.336225103756419516e+32
3.075000000000000178e+00,6.345643162447175905e+32
3.084999999999999964e+00,6.342420061569012657e+32
3.095000000000000195e+00,6.353635112657320872e+32
3.104999999999999982e+00,6.359879122858929982e+32
3.115000000000000213e+00,6.327829966836570766e+32
3.125000000000000000e+00,6.322165014105277997e+32
3.134999999999999787e+00,6.308856263485868804e+32
3.145000000000000018e+00,6.289089347112813129e+32
3.154999999999999805e+00,6.265452077606551650e+32
3.165000000000000036e+00,6.239789303353915408e+32
3.174999999999999822e+00,6.227310854148555192e+32
3.185000000000000053e+00,6.211226456150772060e+32
3.194999999999999840e+00,6.206129793292207358e+32
3.209999999999999964e+00,6.174684819134537603e+32
3.229999999999999982e+00,6.126548872314931835e+32
3.250000000000000000e+00,6.079980209144321805e+32
3.270000000000000018e+00,6.013450812844063567e+32
3.290000000000000036e+00,5.918675615269656692e+32
3.310000000000000053e+00,5.864156875879523081e+32
3.330000000000000071e+00,5.785229189155951547e+32
3.350000000000000089e+00,5.704603811212590397e+32
3.370000000000000107e+00,5.615882396282393788e+32
3.390000000000000124e+00,5.519501630267566362e+32
3.410000000000000142e+00,5.421024771922172376e+32
3.430000000000000160e+00,5.330070875091957498e+32
3.450000000000000178e+00,5.234495286096803768e+32
3.470000000000000195e+00,5.136750624387430422e+32
3.490000000000000213e+00,5.043165844546421051e+32
3.509999999999999787e+00,4.952233482911382721e+32
3.529999999999999805e+00,4.853280457472629733e+32
3.549999999999999822e+00,4.762239223461975512e+32
3.569999999999999840e+00,4.667605201055951512e+32
3.589999999999999858e+00,4.581415367958790069e+32
3.609999999999999876e+00,4.498278746977839311e+32
3.629999999999999893e+00,4.410063409134303826e+32
3.649999999999999911e+00,4.321202015435458937e+32
3.669999999999999929e+00,4.237787829716669271e+32
3.689999999999999947e+00,4.147304117981154123e+32
3.709999999999999964e+00,4.062643283741562164e+32
3.729999999999999982e+00,3.989290819769378474e+32
3.750000000000000000e+00,3.898524757697096858e+32
3.770000000000000018e+00,3.835341691447402605e+32
3.790000000000000036e+00,3.761249852440807294e+32
3.810000000000000053e+00,3.688386715959035741e+32
3.830000000000000071e+00,3.620566404347886080e+32
3.850000000000000089e+00,3.553266526620182389e+32
3.870000000000000107e+00,3.479969097035673220e+32
3.890000000000000124e+00,3.414162326173576897e+32
3.910000000000000142e+00,3.350420541249012582e+32
3.930000000000000160e+00,3.291671332406323919e+32
3.950000000000000178e+00,3.223665578836705497e+32
3.970000000000000195e+00,3.163882680625519480e+32
3.990000000000000213e+00,3.099646782611615106e+32
4.009999999999999787e+00,3.045865025456430417e+32
4.030000000000000249e+00,2.992866910125742516e+32
4.049999999999999822e+00,2.933636748590766209e+32
4.070000000000000284e+00,2.885058133870299773e+32
4.089999999999999858e+00,2.836377825172608429e+32
4.110000000000000320e+00,2.788788633030553099e+32
4.129999999999999893e+00,2.742176899469588893e+32
4.150000000000000355e+00,2.693917723477581668e+32
4.169999999999999929e+00,2.645627441092540612e+32
4.190000000000000391e+00,2.603167214601815887e+32
4.209999999999999964e+00,2.558056962704584983e+32
4.230000000000000426e+00,2.520094002806664503e+32
4.250000000000000000e+00,2.475531701986715388e+32
4.269999999999999574e+00,2.436379520755130915e+32
4.290000000000000036e+00,2.363112001163923148e+32
4.309999999999999609e+00,2.294035469834112828e+32
4.330000000000000071e+00,2.273633265203334942e+32
4.349999999999999645e+00,2.208774042929028340e+32
4.370000000000000107e+00,2.164293097290859296e+32
4.389999999999999680e+00,2.126837410879332009e+32
4.410000000000000142e+00,2.068729472293025910e+32
4.429999999999999716e+00,2.041656142756294441e+32
4.450000000000000178e+00,2.005755775996442187e+32
4.469999999999999751e+00,1.957110162890980165e+32
4.490000000000000213e+00,1.940462260619399050e+32
4.509999999999999787e+00,1.902895309032789931e+32
4.530000000000000249e+00,1.862786008015559173e+32
4.549999999999999822e+00,1.843791965869412733e+32
4.570000000000000284e+00,1.816529605175015931e+32
4.589999999999999858e+00,1.774905662097000176e+32
4.610000000000000320e+00,1.761449754310548117e+32
4.629999999999999893e+00,1.730248845698218215e+32
4.650000000000000355e+00,1.703244907345945751e+32
4.669999999999999929e+00,1.682545995581617632e+32
4.690000000000000391e+00,1.657367763220465245e+32
4.709999999999999964e+00,1.629634021031637724e+32
4.730000000000000426e+00,1.615108531884726557e+32
4.750000000000000000e+00,1.587667907630253418e+32
4.769999999999999574e+00,1.564917170325446426e+32
4.790000000000000036e+00,1.542725151695510038e+32
4.809999999999999609e+00,1.516208148034185030e+32
4.830000000000000071e+00,1.503838571204441425e+32
4.849999999999999645e+00,1.478990545169337244e+32
4.870000000000000107e+00,1.455136727311573172e+32
4.889999999999999680e+00,1.435727534458402424e+32
4.910000000000000142e+00,1.414439994025901760e+32
4.929999999999999716e+00,1.394633596461688121e+32
4.950000000000000178e+00,1.373222826856785280e+32
4.969999999999999751e+00,1.358289365401242048e+32
4.990000000000000213e+00,1.336769723420722055e+32
5.009999999999999787e+00,1.320686521822671535e+32
5.030000000000000249e+00,1.302337339132104411e+32
5.049999999999999822e+00,1.280559274809459900e+32
5.070000000000000284e+00,1.265014453090835325e+32
5.089999999999999858e+00,1.247832956538756186e+32
5.110000000000000320e+00,1.228698935623958943e+32
5.129999999999999893e+00,1.212285527699861117e+32
5.150000000000000355e+00,1.195880973133780000e+32
5.169999999999999929e+00,1.184083993215799267e+32
5.190000000000000391e+00,1.165968467392902479e+32
5.209999999999999964e+00,1.150357843689014929e+32
5.230000000000000426e+00,1.133992889954065237e+32
5.250000000000000000e+00,1.120716442127421946e+32
5.269999999999999574e+00,1.109902783149219589e+32
5.290000000000000036e+00,1.090284818542804887e+32
5.309999999999999609e+00,1.075159933130132542e+32
5.330000000000000071e+00,1.063283990829836239e+32
5.349999999999999645e+00,1.049011540226254914e+32
5.370000000000000107e+00,1.035918261198589882e+32
5.389999999999999680e+00,1.022982667655609973e+32
5.410000000000000142e+00,1.009734574502616356e+32
5.429999999999999716e+00,9.947356699817298060e+31
5.450000000000000178e+00,9.848804468288785435e+31
5.469999999999999751e+00,9.702380694281453896e+31
5.490000000000000213e+00,9.589596091540381605e+31
5.509999999999999787e+00,9.454977193689261094e+31
5.530000000000000249e+00,9.391349066739241671e+31
5.549999999999999822e+00,9.219974376319847170e+31
5.570000000000000284e+00,9.139235340401940045e+31
5.589999999999999858e+00,9.004837776501248968e+31
5.610000000000000320e+00,8.912717389932277635e+31
5.629999999999999893e+00,8.777668984577348150e+31
5.650000000000000355e+00,8.691238675134043426e+31
5.669999999999999929e+00,8.581064616608323312e+31
5.690000000000000391e+00,8.453107272465299460e+31
5.709999999999999964e+00,8.375914365353208845e+31
5.730000000000000426e+00,8.272151812991586987e+31
5.750000000000000000e+00,8.169464823989083146e+31
5.769999999999999574e+00,8.065052626572951167e+31
5.790000000000000036e+00,7.980382221135503905e+31
5.809999999999999609e+00,7.873979214565229008e+31
5.830000000000000071e+00,7.781611173251721251e+31
5.849999999999999645e+00,7.688397277327649941e+31
5.870000000000000107e+00,7.582551793032514297e+31
5.889999999999999680e+00,7.493234571035754703e+31
5.910000000000000142e+00,7.398045419154055050e+31
5.929999999999999716e+00,7.324366338055019006e+31
5.950000000000000178e+00,7.228867318642719227e+31
5.969999999999999751e+00,7.153960731418592575e+31
5.990000000000000213e+00,7.067431120797526543e+31
6.009999999999999787e+00,6.983300291639234775e+31
6.030000000000000249e+00,6.901216502422496479e+31
6.049999999999999822e+00,6.810445654751284779e+31
6.070000000000000284e+00,6.732185559078201180e+31
6.089999999999999858e+00,6.650631774942763255e+31
6.110000000000000320e+00,6.571756729807403362e+31
6.129999999999999893e+00,6.498807452544923097e+31
6.150000000000000355e+00,6.426882293453082360e+31
6.169999999999999929e+00,6.357769870131312088e+31
6.190000000000000391e+00,6.281086629305078808e+31
6.209999999999999964e+00,6.211282686938178652e+31
6.230000000000000426e+00,6.133245121615258177e+31
6.250000000000000000e+00,6.058178216827036605e+31
6.269999999999999574e+00,5.989229700268556924e+31
6.290000000000000036e+00,5.922126032096909727e+31
6.309999999999999609e+00,5.852503942489281219e+31
6.330000000000000071e+00,5.792621743100335515e+31
6.349999999999999645e+00,5.724094359247538874e+31
6.370000000000000107e+00,5.664344960228851911e+31
6.389999999999999680e+00,5.594927454975404571e+31
6.419999999999999929e+00,5.502553431663237362e+31
6.459999999999999964e+00,5.376413418713208012e+31
6.500000000000000000e+00,5.257113223031352199e+31
6.540000000000000036e+00,5.140055080447373201e+31
6.580000000000000071e+00,5.028850921752351405e+31
6.620000000000000107e+00,4.917439785903683759e+31
6.660000000000000142e+00,4.809022042184624535e+31
6.700000000000000178e+00,4.706184306815881797e+31
6.740000000000000213e+00,4.601858250180458532e+31
6.780000000000000249e+00,4.502865743550549020e+31
6.820000000000000284e+00,4.405823368483892751e+31
6.860000000000000320e+00,4.313485237163685854e+31
6.900000000000000355e+00,4.219500859812169992e+31
6.940000000000000391e+00,4.130896692055716109e+31
6.980000000000000426e+00,4.043761703170228907e+31
7.019999999999999574e+00,3.958241853923020170e+31
7.059999999999999609e+00,3.876338721065820732e+31
7.099999999999999645e+00,3.795515937166669125e+31
7.139999999999999680e+00,3.717298911883939882e+31
7.179999999999999716e+00,3.640479281488252640e+31
7.219999999999999751e+00,3.566044075758556979e+31
7.259999999999999787e+00,3.492899785339752019e+31
7.299999999999999822e+00,3.422260755959874874e+31
7.339999999999999858e+00,3.352391011607711743e+31
7.379999999999999893e+00,3.285588836168543240e+31
7.419999999999999929e+00,3.218597629571709495e+31
7.459999999999999964e+00,3.151699742153977157e+31
7.500000000000000000e+00,3.089482170488053682e+31
7.540000000000000036e+00,3.030619303670819045e+31
7.580000000000000071e+00,2.972200301154179219e+31
7.620000000000000107e+00,2.913951187399490336e+31
7.660000000000000142e+00,2.857250214898085054e+31
7.700000000000000178e+00,2.802027992465502025e+31
7.740000000000000213e+00,2.747971063371943651e+31
7.780000000000000249e+00,2.695069856419552557e+31
7.820000000000000284e+00,2.643653381534645419e+31
7.860000000000000320e+00,2.593569695951250549e+31
7.900000000000000355e+00,2.544401256162879228e+31
7.940000000000000391e+00,2.496222238952919014e+31
7.980000000000000426e+00,2.449669128978826080e+31
8.019999999999999574e+00,2.403535955310684745e+31
8.060000000000000497e+00,2.358770266536285903e+31
8.099999999999999645e+00,2.315439061040623516e+31
8.140000000000000568e+00,2.272540952247966225e+31
8.179999999999999716e+00,2.231248411895730026e+31
8.220000000000000639e+00,2.190400932243819627e+31
8.259999999999999787e+00,2.150372986408368489e+31
8.300000000000000711e+00,2.111534261906582966e+31
8.339999999999999858e+00,2.073509089222595902e+31
8.380000000000000782e+00,2.036223291573020640e+31
8.419999999999999929e+00,2.000315746414776459e+31
8.460000000000000853e+00,1.964569715220359314e+31
8.500000000000000000e+00,1.929785589410516645e+31
8.539999999999999147e+00,1.895750409832942027e+31
8.580000000000000071e+00,1.862732170027616272e+31
8.619999999999999218e+00,1.830343236481352871e+31
8.660000000000000142e+00,1.798388596037826682e+31
8.699999999999999289e+00,1.766953193078012950e+31
8.740000000000000213e+00,1.736839811822123121e+31
8.779999999999999361e+00,1.707073386488529901e+31
8.820000000000000284e+00,1.677643149479645373e+31
8.859999999999999432e+00,1.649191567451583363e+31
8.900000000000000355e+00,1.621127618936708762e+31
8.939999999999999503e+00,1.593988487414714182e+31
8.980000000000000426e+00,1.566851748692183384e+31
9.019999999999999574e+00,1.541248794426150800e+31
9.060000000000000497e+00,1.515544146182892902e+31
9.099999999999999645e+00,1.489941191916860543e+31
9.140000000000000568e+00,1.465468835397622390e+31
9.179999999999999716e+00,1.441500163165580319e+31
9.220000000000000639e+00,1.417797091674055280e+31
9.259999999999999787e+00,1.394628810862759749e+31
9.300000000000000711e+00,1.372152049096593652e+31
9.339999999999999858e+00,1.349672894530963323e+31
9.380000000000000782e+00,1.328092236164108278e+31
9.419999999999999929e+00,1.306633610569923384e+31
9.460000000000000853e+00,1.285764810043642384e+31
9.500000000000000000e+00,1.264973775499945740e+31
9.539999999999999147e+00,1.245355212693664866e+31
9.580000000000000071e+00,1.225688793898102075e+31
9.619999999999999218e+00,1.206225763056989237e+31
9.660000000000000142e+00,1.187377083478287873e+31
9.699999999999999289e+00,1.168648642072658149e+31
9.740000000000000213e+00,1.150365500647300333e+31
9.779999999999999361e+00,1.132725424077923187e+31
9.820000000000000284e+00,1.115518324571577858e+31
9.859999999999999432e+00,1.097987120377818494e+31
9.900000000000000355e+00,1.081278799919767955e+31
9.939999999999999503e+00,1.064607089293518529e+31
9.980000000000000426e+00,1.048497207981443252e+31
1.001999999999999957e+01,1.032614522978485832e+31
2.000000000000000000e+01,7.114030890361168492e+29
4.000000000000000000e+01,4.638574561557575405e+28
6.000000000000000000e+01,9.282159645193004485e+27
8.000000000000000000e+01,2.953721907292549944e+27
1.000000000000000000e+02,1.213262986280951985e+27
1.200000000000000000e+02,5.860278147948192292e+26
1.400000000000000000e+02,3.165800509396008307e+26
1.600000000000000000e+02,1.856818366152055956e+26
