9.090000000000000857e-03,2.566940230715112095e+29
9.350000000000000672e-03,3.116572249621034200e+29
9.609999999999998752e-03,3.735855071728152798e+29
9.770000000000000906e-03,4.152144751297058864e+29
9.960000000000000103e-03,4.681568382328796174e+29
1.020000000000000073e-02,5.404763306764044820e+29
1.038000000000000034e-02,5.986806990811140154e+29
1.055999999999999994e-02,6.602424044139234295e+29
1.077000000000000006e-02,7.362347243948919542e+29
1.104000000000000120e-02,8.403612215550076369e+29
1.140000000000000041e-02,9.899366713765004607e+29
1.178000000000000054e-02,1.160229337878222292e+30
1.213000000000000016e-02,1.327310987139074572e+30
1.247999999999999977e-02,1.503095606970833851e+30
1.270999999999999908e-02,1.622794203763464592e+30
1.284000000000000072e-02,1.691761862717657220e+30
1.305000000000000084e-02,1.804979562161731904e+30
1.324000000000000003e-02,1.909146497632790507e+30
1.339000000000000086e-02,1.992409936985339575e+30
1.366000000000000027e-02,2.144230670183985020e+30
1.398000000000000111e-02,2.326741449309371648e+30
1.433000000000000072e-02,2.528521442519278705e+30
1.471999999999999871e-02,2.754626635081379845e+30
1.510000000000000057e-02,2.974796488572744658e+30
1.551999999999999907e-02,3.216356772873566034e+30
1.588000000000000175e-02,3.420694668710611117e+30
1.619999999999999912e-02,3.599404485887251780e+30
1.660000000000000017e-02,3.817958003340606687e+30
1.703000000000000000e-02,4.045786011516870833e+30
1.734000000000000125e-02,4.204825820698751233e+30
1.768000000000000127e-02,4.373739516869303829e+30
1.801999999999999783e-02,4.536472612024047117e+30
1.816999999999999865e-02,4.606208359606219279e+30
1.860999999999999807e-02,4.803176433093790341e+30
1.909999999999999892e-02,5.008698764665573476e+30
1.939000000000000098e-02,5.123248057011428876e+30
1.984000000000000000e-02,5.290346814788448161e+30
2.018000000000000002e-02,5.407920605656945521e+30
2.050000000000000086e-02,5.511726228408923313e+30
2.104999999999999927e-02,5.674655533119723861e+30
2.162000000000000033e-02,5.823084473077985956e+30
2.197999999999999954e-02,5.906321591636430229e+30
2.230000000000000038e-02,5.973626254963061122e+30
2.268000000000000224e-02,6.045565770851684992e+30
2.299999999999999961e-02,6.100091688640209900e+30
2.340000000000000066e-02,6.162981636955549637e+30
2.400000000000000050e-02,6.238835772767466505e+30
2.464999999999999830e-02,6.303269076737159804e+30
2.524000000000000202e-02,6.375993430850013839e+30
2.568000000000000144e-02,6.445469559690328534e+30
2.599999999999999881e-02,6.434601464524320034e+30
2.639999999999999986e-02,6.629264075728213510e+30
2.684999999999999887e-02,6.665531737205808019e+30
2.734999999999999931e-02,6.690973177508014693e+30
2.784999999999999976e-02,6.553120411181141353e+30
2.840000000000000163e-02,6.684885895671305102e+30
2.900000000000000147e-02,6.700565910559652694e+30
2.960000000000000131e-02,6.581197520093068775e+30
3.009999999999999828e-02,6.453085840384608328e+30
3.080000000000000099e-02,6.381128378500004976e+30
3.180000000000000188e-02,6.226005582040880905e+30
3.280000000000000276e-02,6.107637381750296681e+30
3.379999999999999671e-02,5.909347286558803292e+30
3.479999999999999760e-02,5.725379292559769449e+30
3.570000000000000256e-02,5.730959300910086387e+30
3.660000000000000059e-02,5.882186619841631984e+30
3.749999999999999861e-02,5.726684564667445088e+30
3.849999999999999950e-02,5.366775222471753449e+30
3.950000000000000039e-02,5.506795865113114469e+30
4.050000000000000128e-02,5.552445693289504109e+30
4.139999999999999930e-02,5.392177181582800536e+30
4.220000000000000140e-02,5.153449971847490522e+30
4.299999999999999656e-02,4.981224641218603445e+30
4.410000000000000031e-02,4.974329789562755296e+30
4.510000000000000120e-02,4.825466556501755765e+30
4.599999999999999922e-02,4.557957558412336751e+30
4.700000000000000011e-02,4.425786494413005100e+30
4.800000000000000100e-02,4.388065207260961187e+30
4.900000000000000189e-02,4.126023755947045432e+30
5.000000000000000278e-02,4.184117337736566730e+30
5.059999999999999915e-02,3.979897885472994777e+30
5.120000000000000245e-02,4.299224152357560482e+30
5.199999999999999761e-02,4.130552128932883620e+30
5.299999999999999850e-02,3.908849687384754171e+30
5.399999999999999939e-02,3.550060175338268149e+30
5.500000000000000028e-02,3.383989124931084176e+30
5.600000000000000117e-02,3.536689211932792012e+30
5.700000000000000205e-02,3.550337740076106223e+30
5.800000000000000294e-02,3.430204850180737765e+30
5.899999999999999689e-02,3.334519192410234610e+30
5.999999999999999778e-02,3.069513062560279855e+30
6.099999999999999867e-02,2.889966961970932227e+30
6.199999999999999956e-02,3.032422278067031201e+30
6.300000000000000044e-02,2.848646904424858497e+30
6.400000000000000133e-02,2.895245477588769906e+30
6.500000000000000222e-02,2.760455494575964760e+30
6.579999999999999738e-02,2.613494537088937116e+30
6.650000000000000355e-02,2.676918079684774583e+30
6.750000000000000444e-02,2.637501494112404969e+30
6.850000000000000533e-02,2.423860393958879425e+30
6.950000000000000622e-02,2.477942447446811042e+30
7.049999999999999323e-02,2.236081866813242918e+30
7.159999999999999698e-02,2.347552822648513693e+30
7.259999999999999787e-02,2.298297045679702838e+30
7.349999999999999589e-02,2.243256676006392752e+30
7.449999999999999678e-02,2.145631654270224550e+30
7.549999999999999767e-02,2.074803593732682388e+30
7.649999999999999856e-02,1.918174530010897350e+30
7.749999999999999944e-02,1.962592066463267977e+30
7.850000000000000033e-02,1.822697045793772892e+30
7.950000000000000122e-02,1.838533789047019565e+30
8.050000000000000211e-02,1.822295055483801111e+30
8.150000000000000300e-02,1.779320377108292931e+30
8.250000000000000389e-02,1.740731700150506656e+30
8.350000000000000477e-02,1.554431923073693810e+30
8.450000000000000566e-02,1.642202200216902932e+30
8.550000000000000655e-02,1.583877713279095107e+30
8.649999999999999356e-02,1.571248517707495116e+30
8.749999999999999445e-02,1.534767897077594687e+30
8.849999999999999534e-02,1.493242058777607280e+30
8.949999999999999623e-02,1.457589346762291035e+30
9.049999999999999711e-02,1.411506421882896187e+30
9.149999999999999800e-02,1.316946576260259789e+30
9.249999999999999889e-02,1.960303353775842148e+30
9.349999999999999978e-02,2.489391992882602457e+30
9.450000000000000067e-02,2.799522731426573873e+30
9.550000000000000155e-02,2.963796789436206831e+30
9.650000000000000244e-02,3.010556876563945951e+30
9.750000000000000333e-02,1.857058842498199392e+30
9.850000000000000422e-02,2.430160634947895217e+30
9.950000000000000511e-02,2.326806054894903239e+30
1.005000000000000060e-01,2.598114818533336554e+30
1.015000000000000069e-01,2.669935890848486732e+30
1.024999999999999939e-01,2.291482352805902150e+30
1.034999999999999948e-01,2.466215337273182962e+30
1.044999999999999957e-01,2.830295328934826692e+30
1.054999999999999966e-01,2.713081654385679885e+30
1.064999999999999974e-01,2.424356899847683433e+30
1.074999999999999983e-01,2.511842433854663645e+30
1.084999999999999992e-01,2.286331851959394581e+30
1.095000000000000001e-01,2.491327767649071946e+30
1.105000000000000010e-01,2.405518389666704600e+30
1.115000000000000019e-01,2.356990023734984279e+30
1.125000000000000028e-01,2.120518027494603337e+30
1.135000000000000037e-01,2.341265742056551284e+30
1.145000000000000046e-01,2.263272443523716269e+30
1.155000000000000054e-01,2.212415883713411939e+30
1.165000000000000063e-01,2.143587007128137785e+30
1.174999999999999933e-01,1.629696233817704983e+30
1.184999999999999942e-01,1.999800098130259503e+30
1.194999999999999951e-01,1.777680113075641560e+30
1.204999999999999960e-01,1.635279831367217478e+30
1.214999999999999969e-01,1.482547441572744550e+30
1.224999999999999978e-01,1.732298278439232732e+30
1.234999999999999987e-01,1.917161179437844834e+30
1.244999999999999996e-01,1.944453450125543218e+30
1.255000000000000004e-01,1.896047116966492148e+30
1.265000000000000013e-01,1.819095882600279463e+30
1.275000000000000022e-01,1.963299138704914293e+30
1.285000000000000031e-01,1.965450265423153595e+30
1.295000000000000040e-01,1.756124579103159757e+30
1.305000000000000049e-01,1.729298904310964465e+30
1.315000000000000058e-01,1.878972099990566447e+30
1.325000000000000067e-01,1.813003815164642086e+30
1.335000000000000075e-01,1.680896160351110079e+30
1.345000000000000084e-01,1.804800102201923304e+30
1.355000000000000093e-01,1.751610562914106898e+30
1.365000000000000102e-01,1.631374782641782024e+30
1.375000000000000111e-01,1.622430498244919043e+30
1.385000000000000120e-01,1.598314668845834196e+30
1.395000000000000129e-01,1.259550495514528390e+30
1.405000000000000138e-01,1.197554257799035671e+30
1.414999999999999869e-01,1.494530581289033695e+30
1.424999999999999878e-01,1.450176454022462432e+30
1.434999999999999887e-01,1.478708194832572071e+30
1.441999999999999948e-01,1.486742019033338670e+30
1.446999999999999953e-01,1.488670615401415073e+30
1.454999999999999905e-01,1.438096405927876603e+30
1.464999999999999913e-01,1.370770207406067012e+30
1.474999999999999922e-01,1.362743561603692655e+30
1.484999999999999931e-01,1.375530681939924518e+30
1.494999999999999940e-01,1.353749028418083413e+30
1.504999999999999949e-01,1.301760674461252594e+30
1.512000000000000011e-01,1.215999152468167616e+30
1.517000000000000015e-01,1.246540844828133908e+30
1.524999999999999967e-01,1.224168169838656849e+30
1.534999999999999976e-01,1.084526785912358091e+30
1.544999999999999984e-01,9.940308708995747459e+29
1.554999999999999993e-01,9.836265002697090616e+29
1.565000000000000002e-01,1.066998931637848234e+30
1.575000000000000011e-01,1.105340910970883923e+30
1.585000000000000020e-01,1.124876682915705871e+30
1.595000000000000029e-01,1.123077776278583967e+30
1.605000000000000038e-01,1.081812274560292688e+30
1.615000000000000047e-01,1.064834285602636218e+30
1.625000000000000056e-01,1.039324171955811502e+30
1.635000000000000064e-01,1.069455977767574969e+30
1.645000000000000073e-01,1.062110801252580512e+30
1.655000000000000082e-01,1.033717005331577012e+30
1.665000000000000091e-01,1.054470353283714298e+30
1.671999999999999875e-01,9.591288997161245271e+29
1.676999999999999880e-01,1.079878174753448290e+30
1.685000000000000109e-01,1.077207331991602879e+30
1.695000000000000118e-01,1.033799197993169316e+30
1.705000000000000127e-01,1.002336876039384674e+30
1.715000000000000135e-01,9.453189772489568410e+29
1.724999999999999867e-01,9.350493212289206463e+29
1.734999999999999876e-01,9.707863794253472911e+29
1.744999999999999885e-01,9.617789251226320121e+29
1.754999999999999893e-01,9.864669925135604344e+29
1.764999999999999902e-01,9.465812986062505853e+29
1.774999999999999911e-01,9.298202169200166128e+29
1.784999999999999920e-01,9.514310245601193873e+29
1.794999999999999929e-01,9.743049910373286629e+29
1.804999999999999938e-01,9.724369324956938823e+29
1.814999999999999947e-01,9.087771009527750033e+29
1.824999999999999956e-01,9.297703270511898227e+29
1.834999999999999964e-01,9.121515463970437190e+29
1.844999999999999973e-01,8.455386413954868197e+29
1.854999999999999982e-01,8.526895225939950472e+29
1.864999999999999991e-01,8.761883686512580529e+29
1.875000000000000000e-01,9.195931527304418554e+29
1.885000000000000009e-01,8.702551831000379922e+29
1.895000000000000018e-01,8.703385721613625246e+29
1.905000000000000027e-01,9.028353013234842513e+29
1.915000000000000036e-01,8.856325088561743797e+29
1.925000000000000044e-01,8.610448194027657924e+29
1.935000000000000053e-01,8.499303855319240664e+29
1.945000000000000062e-01,9.446522236782810385e+29
1.955000000000000071e-01,9.016014542798132571e+29
1.967000000000000137e-01,1.008010203568801892e+30
1.975999999999999979e-01,1.009979597167741811e+30
1.983999999999999930e-01,1.022972498257887351e+30
1.995000000000000107e-01,1.013129717662249567e+30
2.005000000000000115e-01,1.024035379779847468e+30
2.015000000000000124e-01,1.036945131088614977e+30
2.025000000000000133e-01,9.943614361455423052e+29
2.034999999999999865e-01,1.055691039930332754e+30
2.044999999999999873e-01,1.126682169751354045e+30
2.054999999999999882e-01,1.068492636703321790e+30
2.064999999999999891e-01,1.093950108761936633e+30
2.074000000000000010e-01,1.192669955892910713e+30
2.078000000000000125e-01,2.207469967221085538e+30
2.084999999999999909e-01,2.839410698493373802e+30
2.094999999999999918e-01,2.621607323672020073e+30
2.104999999999999927e-01,2.642424679009822133e+30
2.114999999999999936e-01,3.050766675158670763e+30
2.124999999999999944e-01,2.749095679120078067e+30
2.134999999999999953e-01,2.736149437619482668e+30
2.144999999999999962e-01,3.497184092780249341e+30
2.154999999999999971e-01,3.314724758843342329e+30
2.164999999999999980e-01,2.917133610686763549e+30
2.174999999999999989e-01,2.856891294978467404e+30
2.184999999999999998e-01,3.962040423072303368e+30
2.195000000000000007e-01,3.723411318115022547e+30
2.205000000000000016e-01,3.764556701300214619e+30
2.215000000000000024e-01,2.836434055960014772e+30
2.225000000000000033e-01,3.601623807390218513e+30
2.235000000000000042e-01,5.061012539349524456e+30
2.245000000000000051e-01,4.834431179694063527e+30
2.255000000000000060e-01,3.590252027937010666e+30
2.265000000000000069e-01,3.077408104392128262e+30
2.275000000000000078e-01,3.353715426111098977e+30
2.285000000000000087e-01,5.255286320640501223e+30
2.295000000000000095e-01,4.047181013604449505e+30
2.305000000000000104e-01,5.196831426131898832e+30
2.315000000000000113e-01,4.275194463739183673e+30
2.325000000000000122e-01,3.686205679247495195e+30
2.335000000000000131e-01,3.343425192015671640e+30
2.344999999999999862e-01,2.238011659581052112e+30
2.354999999999999871e-01,4.249476655098873405e+30
2.364999999999999880e-01,2.572791821804605824e+30
2.374999999999999889e-01,3.272837607824272985e+30
2.384999999999999898e-01,2.095147174776589958e+30
2.394999999999999907e-01,2.585923505263670120e+30
2.404999999999999916e-01,2.691374177647227351e+30
2.414999999999999925e-01,2.959280380447689234e+30
2.424999999999999933e-01,5.348006103475233149e+30
2.434999999999999942e-01,5.549179522020987540e+30
2.444999999999999951e-01,6.891951582897442363e+30
2.454999999999999960e-01,7.551319778027151644e+30
2.464999999999999969e-01,5.840017118485797906e+30
2.474999999999999978e-01,5.056983065051955013e+30
2.484999999999999987e-01,2.324397702234270926e+30
2.494999999999999996e-01,3.375239853690547634e+30
2.505000000000000004e-01,5.724054878056381539e+30
2.513000000000000234e-01,2.443344959995170230e+30
2.518000000000000238e-01,1.849954620889240883e+30
2.525000000000000022e-01,2.079751903024472964e+30
2.535000000000000031e-01,4.253233350257533686e+30
2.545000000000000040e-01,4.450834319203363900e+30
2.555000000000000049e-01,1.067303774289576492e+31
2.565000000000000058e-01,7.180641641843206733e+30
2.575000000000000067e-01,1.014481649359474698e+31
2.585000000000000075e-01,8.710287751667864792e+30
2.595000000000000084e-01,7.734687179360689174e+30
2.605000000000000093e-01,6.545924066792813384e+30
2.615000000000000102e-01,5.817030690433774249e+30
2.625000000000000111e-01,8.316200858326483321e+30
2.635000000000000120e-01,1.744977722799578928e+31
2.645000000000000129e-01,2.362171630974525669e+31
2.655000000000000138e-01,3.725342307282563068e+31
2.665000000000000147e-01,2.084300614805755315e+31
2.675000000000000155e-01,2.402411339562551117e+31
2.685000000000000164e-01,2.972023233993834681e+31
2.695000000000000173e-01,1.927360487153636066e+31
2.705000000000000182e-01,2.555226280938536074e+31
2.715000000000000191e-01,1.700064876858136859e+31
2.725000000000000200e-01,1.103566410888295756e+31
2.735000000000000209e-01,1.597565722613566146e+31
2.745000000000000218e-01,8.814137641209927705e+30
2.755000000000000226e-01,1.296953540337845229e+31
2.765000000000000235e-01,1.805674670406057459e+31
2.775000000000000244e-01,1.884555697540078830e+31
2.785000000000000253e-01,1.032994499533387431e+31
2.795000000000000262e-01,4.544459776635263014e+30
2.805000000000000271e-01,5.594119885156266689e+30
2.814999999999999725e-01,1.604052601960782273e+31
2.824999999999999734e-01,2.439876597171934697e+31
2.834999999999999742e-01,2.168680295108314048e+31
2.844999999999999751e-01,1.253994415158853200e+31
2.854999999999999760e-01,6.152858898822610588e+30
2.864999999999999769e-01,1.971830665194216566e+31
2.874999999999999778e-01,3.316990739935859090e+31
2.884999999999999787e-01,2.986975837845090500e+31
2.894999999999999796e-01,4.125240114122547833e+31
2.909999999999999809e-01,5.908034836052735636e+31
2.929999999999999827e-01,4.983920129814928729e+31
2.949999999999999845e-01,4.430485952560526910e+31
2.969999999999999862e-01,4.555455886572605396e+31
2.989999999999999880e-01,4.653697054170781500e+31
3.009999999999999898e-01,4.512825771319927566e+31
3.029999999999999916e-01,5.057599210913963873e+31
3.049999999999999933e-01,5.307268692598671296e+31
3.069999999999999951e-01,6.118276964567485982e+31
3.089999999999999969e-01,5.766457677359967332e+31
3.109999999999999987e-01,7.234247528237780306e+31
3.130000000000000004e-01,6.489707636182891687e+31
3.150000000000000022e-01,6.574437861606943373e+31
3.170000000000000040e-01,7.433818967542308375e+31
3.190000000000000058e-01,6.255093648726397062e+31
3.210000000000000075e-01,6.951157816437776585e+31
3.230000000000000093e-01,5.725090960224343124e+31
3.250000000000000111e-01,8.728398850811753991e+31
3.270000000000000129e-01,1.046707513622258434e+32
3.290000000000000147e-01,1.029710980468755299e+32
3.310000000000000164e-01,9.310184112516722144e+31
3.330000000000000182e-01,9.749470987735239444e+31
3.350000000000000200e-01,9.326815265192054273e+31
3.370000000000000218e-01,6.456015823328417555e+31
3.390000000000000235e-01,7.547042648985042961e+31
3.410000000000000253e-01,7.773785522604333178e+31
3.430000000000000271e-01,8.329512001745356610e+31
3.449999999999999734e-01,8.769357595638743251e+31
3.469999999999999751e-01,9.198404485550581839e+31
3.489999999999999769e-01,1.071901299179927196e+32
3.509999999999999787e-01,1.164559347788485160e+32
3.529999999999999805e-01,1.022364009354162928e+32
3.549999999999999822e-01,1.213868364545373050e+32
3.569999999999999840e-01,7.518558764164216085e+31
3.589999999999999858e-01,7.719384030387941752e+31
3.609999999999999876e-01,1.034576259619140708e+32
3.629999999999999893e-01,1.108671448544985672e+32
3.639999999999999902e-01,1.174171941075675018e+32
3.649999999999999911e-01,1.352254725152743287e+32
3.669999999999999929e-01,1.471609955222273981e+32
3.689999999999999947e-01,1.285227626563948419e+32
3.709999999999999964e-01,1.334457082738654884e+32
3.729999999999999982e-01,8.074916942363767679e+31
3.750000000000000000e-01,9.397902944471453790e+31
3.770000000000000018e-01,1.297357923447280813e+32
3.790000000000000036e-01,1.335541020895899017e+32
3.810000000000000053e-01,1.214981016296186874e+32
3.830000000000000071e-01,6.236819839218948936e+31
3.850000000000000089e-01,8.957456757912571738e+31
3.870000000000000107e-01,8.724170774158660919e+31
3.890000000000000124e-01,1.187264502263501096e+32
3.910000000000000142e-01,1.487023172970371886e+32
3.930000000000000160e-01,6.779753216025082123e+31
3.950000000000000178e-01,1.261743496223390158e+32
3.970000000000000195e-01,8.572537875717949332e+31
3.990000000000000213e-01,1.993846813063541028e+32
4.010000000000000231e-01,2.215977565715747155e+32
4.030000000000000249e-01,2.168645599516084094e+32
4.050000000000000266e-01,2.064238187698881658e+32
4.069999999999999729e-01,1.920685773048486812e+32
4.089999999999999747e-01,2.467920206891364866e+32
4.109999999999999765e-01,2.304073263586076674e+32
4.129999999999999782e-01,2.214021452153832840e+32
4.149999999999999800e-01,2.144328774962013796e+32
4.169999999999999818e-01,2.188088291561752275e+32
4.189999999999999836e-01,2.125424462795771200e+32
4.209999999999999853e-01,2.151150646234206456e+32
4.229999999999999871e-01,2.012571665269974135e+32
4.249999999999999889e-01,2.175712732733349038e+32
4.269999999999999907e-01,2.027247900783125099e+32
4.289999999999999925e-01,1.887631641251199213e+32
4.309999999999999942e-01,1.620677772637454770e+32
4.329999999999999960e-01,2.488945735782545341e+32
4.349999999999999978e-01,2.503453278933475450e+32
4.369999999999999996e-01,2.715324903883288658e+32
4.390000000000000013e-01,2.353704710070753952e+32
4.410000000000000031e-01,2.518886835477018373e+32
4.430000000000000049e-01,2.764042300972673467e+32
4.450000000000000067e-01,2.792424491816275975e+32
4.470000000000000084e-01,3.017779541746377421e+32
4.490000000000000102e-01,3.106365763506850427e+32
4.510000000000000120e-01,3.591813329587346772e+32
4.530000000000000138e-01,3.081042766778119315e+32
4.550000000000000155e-01,3.262010190249152133e+32
4.570000000000000173e-01,3.545486339162612093e+32
4.590000000000000191e-01,3.345248505207327800e+32
4.610000000000000209e-01,3.439717424450327518e+32
4.630000000000000226e-01,3.360697614947386919e+32
4.650000000000000244e-01,3.405252737368943611e+32
4.670000000000000262e-01,3.583108325136895734e+32
4.689999999999999725e-01,3.523375675714455235e+32
4.709999999999999742e-01,3.405348449347508528e+32
4.729999999999999760e-01,3.513903779035755315e+32
4.749999999999999778e-01,3.633394202275007990e+32
4.769999999999999796e-01,3.566442476869332841e+32
4.789999999999999813e-01,3.586616169151288150e+32
4.809999999999999831e-01,3.604621985118754113e+32
4.829999999999999849e-01,3.745566248353264526e+32
4.849999999999999867e-01,3.557128504955264061e+32
4.869999999999999885e-01,3.263249660371563445e+32
4.889999999999999902e-01,3.607446684886143300e+32
4.909999999999999920e-01,3.605373324150487160e+32
4.929999999999999938e-01,3.513512556323372236e+32
4.949999999999999956e-01,3.681156872378210655e+32
4.969999999999999973e-01,3.599965597361587019e+32
4.989999999999999991e-01,3.329441671947382856e+32
5.010000000000000009e-01,3.119130152248173323e+32
5.030000000000000027e-01,3.342588908602963617e+32
5.050000000000000044e-01,3.315581381051494582e+32
5.070000000000000062e-01,3.469946856480226650e+32
5.090000000000000080e-01,3.253531305348059891e+32
5.110000000000000098e-01,3.351303484251270498e+32
5.130000000000000115e-01,3.220123039230083397e+32
5.150000000000000133e-01,3.070269187190940779e+32
5.170000000000000151e-01,2.776227632243680021e+32
5.190000000000000169e-01,2.909956408694150193e+32
5.210000000000000187e-01,3.228556460941357682e+32
5.230000000000000204e-01,3.556149849974440507e+32
5.250000000000000222e-01,3.747412293139829440e+32
5.270000000000000240e-01,3.242798403351771390e+32
5.290000000000000258e-01,3.807536165274652297e+32
5.310000000000000275e-01,4.090043230405145267e+32
5.330000000000000293e-01,3.528770242106302241e+32
5.350000000000000311e-01,3.916254205326457785e+32
5.370000000000000329e-01,3.881022626016826437e+32
5.390000000000000346e-01,3.786547724775165286e+32
5.410000000000000364e-01,3.725058760546065520e+32
5.430000000000000382e-01,3.782441680894744122e+32
5.450000000000000400e-01,3.900870897571662183e+32
5.470000000000000417e-01,3.827995797092568484e+32
5.490000000000000435e-01,3.891221933732615833e+32
5.510000000000000453e-01,3.813239402797371321e+32
5.530000000000000471e-01,3.978431099401491225e+32
5.550000000000000488e-01,4.039193848993233226e+32
5.570000000000000506e-01,3.942236418307552879e+32
5.590000000000000524e-01,3.831537140299459595e+32
5.610000000000000542e-01,3.993267652478738190e+32
5.629999999999999449e-01,3.971904738863117808e+32
5.649999999999999467e-01,4.045644836348486563e+32
5.669999999999999485e-01,3.931611192287149999e+32
5.689999999999999503e-01,4.068401555651955709e+32
5.709999999999999520e-01,3.910084371908237764e+32
5.729999999999999538e-01,4.278394833022438100e+32
5.749999999999999556e-01,4.117670493017818877e+32
5.769999999999999574e-01,4.158934319776486827e+32
5.789999999999999591e-01,3.977770686749395533e+32
5.809999999999999609e-01,4.166292178128640211e+32
5.829999999999999627e-01,4.299160743171762166e+32
5.849999999999999645e-01,4.152388816842398841e+32
5.869999999999999662e-01,4.157648190064524406e+32
5.889999999999999680e-01,3.732640345648114279e+32
5.909999999999999698e-01,4.093915976337815934e+32
5.929999999999999716e-01,4.110977832916689467e+32
5.949999999999999734e-01,4.109502672047062075e+32
5.969999999999999751e-01,4.192299515504108424e+32
5.989999999999999769e-01,4.119875457724002049e+32
6.009999999999999787e-01,4.059818583974174417e+32
6.029999999999999805e-01,4.178103036283512312e+32
6.049999999999999822e-01,4.263974627051946613e+32
6.069999999999999840e-01,4.244037821916939094e+32
6.089999999999999858e-01,4.085926418927135108e+32
6.109999999999999876e-01,4.110354508656287600e+32
6.129999999999999893e-01,3.863055094840785288e+32
6.149999999999999911e-01,3.991208648539866175e+32
6.169999999999999929e-01,3.741478150468823337e+32
6.189999999999999947e-01,4.008301611511774261e+32
6.209999999999999964e-01,3.965684656656149386e+32
6.229999999999999982e-01,3.831812312237833640e+32
6.250000000000000000e-01,3.706476279907747357e+32
6.270000000000000018e-01,3.892090519938090345e+32
6.290000000000000036e-01,3.976340989069586818e+32
6.310000000000000053e-01,3.873399166924154851e+32
6.330000000000000071e-01,3.937955700066250867e+32
6.350000000000000089e-01,3.961263959646196211e+32
6.370000000000000107e-01,3.938194980012662799e+32
6.390000000000000124e-01,4.009560224029898701e+32
6.410000000000000142e-01,3.924194710348124802e+32
6.430000000000000160e-01,3.971270647005126946e+32
6.450000000000000178e-01,3.939758674462461965e+32
6.470000000000000195e-01,3.927295778453617584e+32
6.490000000000000213e-01,3.847226726385663796e+32
6.510000000000000231e-01,4.001208157500404487e+32
6.530000000000000249e-01,4.011102383284520598e+32
6.550000000000000266e-01,3.909096145729557647e+32
6.570000000000000284e-01,3.719939366092591118e+32
6.590000000000000302e-01,3.941364242902882516e+32
6.610000000000000320e-01,3.975860036377300255e+32
6.630000000000000338e-01,3.936977045085428034e+32
6.650000000000000355e-01,3.936102476881294251e+32
6.670000000000000373e-01,3.837203289430484795e+32
6.690000000000000391e-01,3.891822526398109443e+32
6.710000000000000409e-01,3.724517987867175433e+32
6.730000000000000426e-01,3.831092079599133705e+32
6.750000000000000444e-01,3.759340398468443006e+32
6.770000000000000462e-01,3.783470584664312473e+32
6.790000000000000480e-01,3.736035728087694234e+32
6.810000000000000497e-01,3.758849874578299158e+32
6.830000000000000515e-01,3.813494235940299088e+32
6.850000000000000533e-01,3.707302992122597601e+32
6.870000000000000551e-01,3.776347220659642739e+32
6.889999999999999458e-01,3.837226021025393053e+32
6.909999999999999476e-01,3.833143905139612577e+32
6.929999999999999494e-01,3.807173656155838909e+32
6.949999999999999512e-01,3.812726147312318495e+32
6.969999999999999529e-01,3.871566282534643073e+32
6.989999999999999547e-01,3.856506002707502172e+32
7.009999999999999565e-01,3.804401597976661542e+32
7.029999999999999583e-01,3.891963701566492317e+32
7.049999999999999600e-01,3.913714248695299207e+32
7.069999999999999618e-01,3.772603685898034242e+32
7.089999999999999636e-01,3.635745127748500876e+32
7.109999999999999654e-01,3.541170925329079678e+32
7.129999999999999671e-01,3.455756359258291972e+32
7.149999999999999689e-01,3.441313421692892947e+32
7.169999999999999707e-01,3.495889588270164499e+32
7.189999999999999725e-01,3.407704160419930416e+32
7.209999999999999742e-01,3.492274068279885741e+32
7.229999999999999760e-01,3.592533562226045266e+32
7.249999999999999778e-01,3.621138283419809278e+32
7.269999999999999796e-01,3.658103445941193799e+32
7.289999999999999813e-01,3.617031043139656403e+32
7.309999999999999831e-01,3.731617423877204479e+32
7.329999999999999849e-01,3.748873097212671987e+32
7.349999999999999867e-01,3.797046132423971579e+32
7.369999999999999885e-01,3.907855479207413904e+32
7.389999999999999902e-01,3.833705016613947501e+32
7.409999999999999920e-01,3.835315370653297055e+32
7.429999999999999938e-01,3.946813843682404763e+32
7.449999999999999956e-01,3.942079689942654170e+32
7.469999999999999973e-01,4.022705067886015321e+32
7.489999999999999991e-01,4.023464781715871780e+32
7.510000000000000009e-01,4.069910215714079633e+32
7.530000000000000027e-01,4.148096134603776125e+32
7.550000000000000044e-01,4.186890592315475852e+32
7.570000000000000062e-01,4.180179986218365024e+32
7.590000000000000080e-01,4.076806263769660302e+32
7.610000000000000098e-01,3.979376255189816805e+32
7.630000000000000115e-01,3.869691524154508468e+32
7.650000000000000133e-01,3.767764248981860727e+32
7.670000000000000151e-01,3.570424095177620839e+32
7.690000000000000169e-01,3.662789743691663014e+32
7.710000000000000187e-01,3.586202214843996093e+32
7.730000000000000204e-01,3.601802070950295369e+32
7.750000000000000222e-01,3.575064929738272098e+32
7.770000000000000240e-01,3.629374299175294458e+32
7.790000000000000258e-01,3.658879909367299245e+32
7.810000000000000275e-01,3.661990548670648590e+32
7.830000000000000293e-01,3.630769301262874210e+32
7.850000000000000311e-01,3.586631722347804706e+32
7.870000000000000329e-01,3.650403417265671144e+32
7.890000000000000346e-01,3.610268991854066906e+32
7.910000000000000364e-01,3.520101129647813317e+32
7.930000000000000382e-01,3.541139818936046566e+32
7.950000000000000400e-01,3.511353054807007742e+32
7.970000000000000417e-01,3.640670705445382023e+32
7.990000000000000435e-01,3.644987315678646149e+32
8.010000000000000453e-01,3.682198936544834303e+32
8.030000000000000471e-01,3.705295433372205696e+32
8.050000000000000488e-01,3.713301740379134788e+32
8.070000000000000506e-01,3.779536822345307294e+32
8.090000000000000524e-01,3.756262061957859923e+32
8.110000000000000542e-01,3.812748878907227474e+32
8.129999999999999449e-01,3.950547807246156697e+32
8.149999999999999467e-01,4.020920039485784920e+32
8.169999999999999485e-01,4.072011093643573034e+32
8.189999999999999503e-01,3.950758373598999657e+32
8.209999999999999520e-01,3.841232763728054891e+32
8.229999999999999538e-01,3.855630238103635238e+32
8.249999999999999556e-01,3.845196436040361471e+32
8.269999999999999574e-01,3.886479405194740386e+32
8.289999999999999591e-01,3.839873653632436532e+32
8.309999999999999609e-01,3.707988529169067133e+32
8.329999999999999627e-01,3.682420270495264097e+32
8.349999999999999645e-01,3.676163099896602572e+32
8.369999999999999662e-01,3.699423503487267258e+32
8.389999999999999680e-01,3.568081544502251365e+32
8.409999999999999698e-01,3.695139196046768675e+32
8.429999999999999716e-01,3.499026548367618674e+32
8.449999999999999734e-01,3.404546861527030683e+32
8.469999999999999751e-01,3.415626719445616016e+32
8.489999999999999769e-01,3.463439638337565640e+32
8.509999999999999787e-01,3.322766957842233421e+32
8.529999999999999805e-01,3.481530398686008245e+32
8.549999999999999822e-01,3.337175199815402763e+32
8.569999999999999840e-01,3.571755688079400496e+32
8.589999999999999858e-01,3.530288473366284170e+32
8.609999999999999876e-01,3.578597898147038354e+32
8.629999999999999893e-01,3.650651072010207208e+32
8.649999999999999911e-01,3.687934476860318149e+32
8.669999999999999929e-01,3.439979435991648428e+32
8.689999999999999947e-01,3.596155064214983296e+32
8.709999999999999964e-01,3.722792779453548556e+32
8.729999999999999982e-01,3.762547946150089698e+32
8.750000000000000000e-01,3.741797589197283630e+32
8.770000000000000018e-01,3.808222898720852818e+32
8.790000000000000036e-01,3.872640649494030822e+32
8.810000000000000053e-01,3.800817184379416616e+32
8.830000000000000071e-01,3.848656424065471790e+32
8.850000000000000089e-01,3.814303002159169355e+32
8.870000000000000107e-01,3.639616677281439112e+32
8.890000000000000124e-01,3.670145209244353699e+32
8.910000000000000142e-01,3.716677980423000894e+32
8.930000000000000160e-01,3.650225153705594446e+32
8.950000000000000178e-01,3.659403932449941065e+32
8.970000000000000195e-01,3.678460187382153367e+32
8.990000000000000213e-01,3.689094984600414252e+32
9.010000000000000231e-01,3.588036295633240302e+32
9.030000000000000249e-01,3.736424558000612452e+32
9.050000000000000266e-01,3.867576289428230942e+32
9.070000000000000284e-01,3.895507437572846847e+32
9.090000000000000302e-01,3.841902747578006426e+32
9.110000000000000320e-01,3.898541507293345845e+32
9.130000000000000338e-01,3.964178389393489603e+32
9.150000000000000355e-01,3.937113434654881906e+32
9.170000000000000373e-01,3.938825482671457810e+32
9.190000000000000391e-01,3.985814082148019169e+32
9.210000000000000409e-01,3.817827595769811479e+32
9.230000000000000426e-01,3.689605847286001495e+32
9.250000000000000444e-01,3.668903346322478245e+32
9.270000000000000462e-01,3.696601196519342932e+32
9.290000000000000480e-01,3.627582092376672355e+32
9.310000000000000497e-01,3.650202422110684746e+32
9.330000000000000515e-01,3.669227570649865379e+32
9.350000000000000533e-01,3.651291145866858062e+32
9.370000000000000551e-01,3.584365741255287743e+32
9.389999999999999458e-01,3.667120710721712706e+32
9.409999999999999476e-01,3.610200797069339250e+32
9.429999999999999494e-01,3.707956226376301590e+32
9.449999999999999512e-01,3.658068750348964115e+32
9.469999999999999529e-01,3.757026561386644664e+32
9.489999999999999547e-01,3.761721233935238734e+32
9.509999999999999565e-01,3.673554948480717058e+32
9.529999999999999583e-01,3.709821413558578911e+32
9.549999999999999600e-01,3.661526345574609572e+32
9.569999999999999618e-01,3.695918052272338983e+32
9.589999999999999636e-01,3.763738363883487923e+32
9.609999999999999654e-01,3.710797675739938323e+32
9.629999999999999671e-01,3.746331944181782419e+32
9.649999999999999689e-01,3.669907125697673477e+32
9.669999999999999707e-01,3.677923003902459853e+32
9.689999999999999725e-01,3.735735431754947789e+32
9.709999999999999742e-01,3.655601774101461475e+32
9.729999999999999760e-01,3.602801064726563039e+32
9.749999999999999778e-01,3.593784996345777283e+32
9.769999999999999796e-01,3.615356083514775765e+32
9.789999999999999813e-01,3.564834515629447428e+32
9.809999999999999831e-01,3.657292286922859390e+32
9.829999999999999849e-01,3.617179396706431700e+32
9.849999999999999867e-01,3.641717555210932513e+32
9.869999999999999885e-01,3.615204140748803897e+32
9.889999999999999902e-01,3.612461992562928652e+32
9.909999999999999920e-01,3.589263801758330909e+32
9.929999999999999938e-01,3.615318995123081220e+32
9.949999999999999956e-01,3.628493748972499962e+32
9.969999999999999973e-01,3.630711874075734828e+32
9.989999999999999991e-01,3.621108373426508597e+32
1.002499999999999947e+00,3.637171236229114460e+32
1.007500000000000062e+00,3.594024276292188494e+32
1.012499999999999956e+00,3.644045749089517140e+32
1.017500000000000071e+00,3.605252487777548403e+32
1.022499999999999964e+00,3.623555010878566400e+32
1.027500000000000080e+00,3.637229859815984832e+32
1.032499999999999973e+00,3.598605290866236950e+32
1.037500000000000089e+00,3.573551484077218450e+32
1.042499999999999982e+00,3.588499302329546888e+32
1.047500000000000098e+00,3.526677738974934414e+32
1.052499999999999991e+00,3.475409617656802033e+32
1.057500000000000107e+00,3.391518068444923096e+32
1.062500000000000000e+00,3.348728832027882957e+32
1.067499999999999893e+00,3.333306043081927948e+32
1.072500000000000009e+00,3.364632573666124529e+32
1.077499999999999902e+00,3.337263733395575257e+32
1.082500000000000018e+00,3.289755896435299638e+32
1.087499999999999911e+00,3.271608905299450082e+32
1.092500000000000027e+00,3.263443477128156699e+32
1.097499999999999920e+00,3.219077385864264979e+32
1.102500000000000036e+00,3.186912179067896368e+32
1.107499999999999929e+00,3.119972417659541564e+32
1.112500000000000044e+00,3.114607761260995239e+32
1.117499999999999938e+00,3.092221925874465416e+32
1.122500000000000053e+00,3.093999775876303034e+32
1.127499999999999947e+00,3.058822034554613415e+32
1.132500000000000062e+00,3.053411914966249133e+32
1.137499999999999956e+00,3.031323983113001974e+32
1.142500000000000071e+00,2.999752190583733830e+32
1.147499999999999964e+00,3.027259813223202195e+32
1.152500000000000080e+00,3.015971781751239123e+32
1.157499999999999973e+00,2.982057438546601145e+32
1.162500000000000089e+00,2.936819171878039783e+32
1.167499999999999982e+00,2.933036155925273681e+32
1.172500000000000098e+00,2.933040941524201963e+32
1.177499999999999991e+00,2.866759199968479069e+32
1.182500000000000107e+00,2.830620749661946594e+32
1.187500000000000000e+00,2.779828795437173934e+32
1.192499999999999893e+00,2.816001941335935372e+32
1.197500000000000009e+00,2.733894224124553685e+32
1.202499999999999902e+00,2.781824390190245855e+32
1.207500000000000018e+00,2.761803837073993764e+32
1.212499999999999911e+00,2.763439315507716077e+32
1.217500000000000027e+00,2.765890738558702161e+32
1.222499999999999920e+00,2.747624107449647719e+32
1.227500000000000036e+00,2.726276747030543172e+32
1.232499999999999929e+00,2.706854393780320549e+32
1.237500000000000044e+00,2.697262857128414663e+32
1.242499999999999938e+00,2.656024154764120914e+32
1.247500000000000053e+00,2.644064943042473516e+32
1.252499999999999947e+00,2.620194375588460458e+32
1.257500000000000062e+00,2.608242342265204762e+32
1.262499999999999956e+00,2.590360951869871606e+32
1.267500000000000071e+00,2.570142992797829689e+32
1.272499999999999964e+00,2.568490764767858390e+32
1.277500000000000080e+00,2.566556186401121703e+32
1.282499999999999973e+00,2.491622081983158151e+32
1.287500000000000089e+00,2.523090984135468955e+32
1.292499999999999982e+00,2.494546082928306305e+32
1.297500000000000098e+00,2.514268732511276453e+32
1.302499999999999991e+00,2.483046288703769642e+32
1.307500000000000107e+00,2.481971921744381532e+32
1.312500000000000000e+00,2.422544354253616481e+32
1.317499999999999893e+00,2.406462349055297851e+32
1.322500000000000009e+00,2.398152156516426104e+32
1.327499999999999902e+00,2.349943229313165118e+32
1.332500000000000018e+00,2.340112412714847661e+32
1.337499999999999911e+00,2.307707925972067119e+32
1.342500000000000027e+00,2.306980514934976923e+32
1.347499999999999920e+00,2.280678863225421897e+32
1.352500000000000036e+00,2.255176406536882377e+32
1.357499999999999929e+00,2.217340265010561365e+32
1.362500000000000044e+00,2.202687957492051450e+32
1.367499999999999938e+00,2.214906787955555978e+32
1.372500000000000053e+00,2.221792068413547652e+32
1.377499999999999947e+00,2.217322319014580308e+32
1.382500000000000062e+00,2.219430375342465051e+32
1.387499999999999956e+00,2.195977351394940262e+32
1.392500000000000071e+00,2.077421316346424533e+32
1.397499999999999964e+00,2.058993171273540939e+32
1.402500000000000080e+00,2.039484677242609963e+32
1.407499999999999973e+00,2.055749731599933213e+32
1.412500000000000089e+00,2.030596623633154306e+32
1.417499999999999982e+00,2.050404217597100016e+32
1.422500000000000098e+00,2.030996221143661518e+32
1.427499999999999991e+00,1.999917345304001002e+32
1.432500000000000107e+00,2.033992006072733540e+32
1.437500000000000000e+00,2.052095926818228920e+32
1.442499999999999893e+00,2.006692556986643274e+32
1.447500000000000009e+00,2.040798324148409284e+32
1.452499999999999902e+00,2.027201241193574711e+32
1.457000000000000073e+00,2.038230850323413805e+32
1.461999999999999966e+00,1.990538767804401497e+32
1.467500000000000027e+00,1.977937089426638383e+32
1.472499999999999920e+00,1.964274204486540656e+32
1.477500000000000036e+00,1.980163589327997742e+32
1.482499999999999929e+00,1.992194585033569368e+32
1.487500000000000044e+00,1.971821093996360452e+32
1.492499999999999938e+00,2.023947033922377991e+32
1.497500000000000053e+00,2.010314058975581665e+32
1.502499999999999947e+00,1.981057299927845013e+32
1.507500000000000062e+00,1.991845236311808755e+32
1.512499999999999956e+00,2.032753732350053938e+32
1.517500000000000071e+00,2.041944475091720541e+32
1.522499999999999964e+00,2.044498788519663244e+32
1.527500000000000080e+00,2.060043610238288000e+32
1.532499999999999973e+00,2.059324573999321576e+32
1.537500000000000089e+00,2.051203412618114080e+32
1.542499999999999982e+00,2.034977839451948795e+32
1.547500000000000098e+00,2.042290234614284942e+32
1.552499999999999991e+00,2.029036518382550991e+32
1.557500000000000107e+00,1.982059882903309255e+32
1.562500000000000000e+00,1.995664144256536250e+32
1.567499999999999893e+00,1.994197358185033351e+32
1.572500000000000009e+00,2.038100442752619566e+32
1.577499999999999902e+00,1.922382267868544358e+32
1.582500000000000018e+00,1.927385611548009366e+32
1.587499999999999911e+00,1.930191168919683985e+32
1.592500000000000027e+00,1.992114426251521728e+32
1.597499999999999920e+00,1.953455161709544162e+32
1.604999999999999982e+00,1.979620423849643875e+32
1.614999999999999991e+00,2.016844008713152013e+32
1.625000000000000000e+00,1.959877435471229610e+32
1.635000000000000009e+00,2.013192596730911861e+32
1.645000000000000018e+00,1.952982583815381372e+32
1.655000000000000027e+00,1.986461437517549303e+32
1.665000000000000036e+00,1.956793116961984734e+32
1.675000000000000044e+00,1.938996670947627861e+32
1.685000000000000053e+00,1.920530241083319092e+32
1.695000000000000062e+00,1.915912138117576812e+32
1.705000000000000071e+00,1.880730807596690622e+32
1.715000000000000080e+00,1.844741907256666235e+32
1.725000000000000089e+00,1.797360888667989005e+32
1.735000000000000098e+00,1.742471265360918233e+32
1.745000000000000107e+00,1.701077031031457845e+32
1.754999999999999893e+00,1.658857280886877123e+32
1.764999999999999902e+00,1.608241197422715940e+32
1.774999999999999911e+00,1.552198244773942028e+32
1.784999999999999920e+00,1.511298123533820619e+32
1.794999999999999929e+00,1.459582548715899107e+32
1.804999999999999938e+00,1.414259337666360741e+32
1.814999999999999947e+00,1.382890933091542775e+32
1.824999999999999956e+00,1.362428908474161726e+32
1.834999999999999964e+00,1.343705252667459969e+32
1.844999999999999973e+00,1.305657348388564467e+32
1.854999999999999982e+00,1.286830802204905910e+32
1.864999999999999991e+00,1.250169525215464947e+32
1.875000000000000000e+00,1.217771020471344937e+32
1.885000000000000009e+00,1.218846583830464938e+32
1.895000000000000018e+00,1.176661768558060276e+32
1.905000000000000027e+00,1.190528998572393514e+32
1.915000000000000036e+00,1.172107074778116830e+32
1.925000000000000044e+00,1.158112906752212285e+32
1.935000000000000053e+00,1.130711045849057796e+32
1.945000000000000062e+00,1.103956437200946585e+32
1.955000000000000071e+00,1.095660481818886044e+32
1.965000000000000080e+00,1.075883754968027608e+32
1.975000000000000089e+00,1.048273481231548461e+32
1.985000000000000098e+00,1.036307808951347595e+32
1.995000000000000107e+00,1.025058540830703173e+32
2.004999999999999893e+00,1.020233699991261062e+32
2.015000000000000124e+00,1.007592420782367244e+32
2.024999999999999911e+00,9.880786625926150507e+31
2.035000000000000142e+00,9.819998751940035026e+31
2.044999999999999929e+00,9.814604185548187660e+31
2.055000000000000160e+00,9.695624624994522589e+31
2.064999999999999947e+00,9.612779925548193061e+31
2.075000000000000178e+00,9.563923746089890600e+31
2.084999999999999964e+00,9.465838110456880054e+31
2.095000000000000195e+00,9.340028303832897468e+31
2.104999999999999982e+00,9.363762481717457736e+31
2.115000000000000213e+00,9.229358935818108108e+31
2.125000000000000000e+00,9.152498627831529840e+31
2.134999999999999787e+00,9.143529219040293391e+31
2.145000000000000018e+00,9.051704343205143103e+31
2.154999999999999805e+00,8.944752189157853086e+31
2.165000000000000036e+00,8.808161624548301703e+31
2.174999999999999822e+00,8.701500195635899766e+31
2.185000000000000053e+00,8.625837483781115748e+31
2.194999999999999840e+00,8.533057880959780074e+31
2.205000000000000071e+00,8.344538782379999537e+31
2.214999999999999858e+00,8.341515480257090255e+31
2.225000000000000089e+00,8.156844003215607626e+31
2.234999999999999876e+00,8.065887713585927706e+31
2.245000000000000107e+00,7.968659896560803217e+31
2.254999999999999893e+00,7.878323341992330755e+31
2.265000000000000124e+00,7.714490755483827588e+31
2.274999999999999911e+00,7.684805685332014393e+31
2.285000000000000142e+00,7.511826622871928889e+31
2.294999999999999929e+00,6.410103983610707906e+31
2.305000000000000160e+00,6.778372570734285235e+31
2.314999999999999947e+00,6.735600083913493541e+31
2.325000000000000178e+00,5.826477462718102040e+31
2.334999999999999964e+00,6.195889807985527746e+31
2.345000000000000195e+00,5.953308994713260374e+31
2.354999999999999982e+00,5.351602481069798736e+31
2.365000000000000213e+00,5.711600356845661742e+31
2.375000000000000000e+00,5.489919450492709246e+31
2.384999999999999787e+00,4.999984189017265582e+31
2.395000000000000018e+00,5.243372572108671512e+31
2.404999999999999805e+00,5.115257303201015620e+31
2.415000000000000036e+00,4.678811877346135053e+31
2.424999999999999822e+00,4.816573717293371893e+31
2.435000000000000053e+00,4.675371031716737502e+31
2.444999999999999840e+00,4.402417218446724522e+31
2.455000000000000071e+00,4.288001922870859641e+31
2.464999999999999858e+00,4.314477052541562543e+31
2.475000000000000089e+00,4.109496690048401722e+31
2.484999999999999876e+00,3.760496120609610736e+31
2.495000000000000107e+00,3.730983332019214518e+31
2.504999999999999893e+00,3.768943899117670047e+31
2.515000000000000124e+00,3.519866635300329848e+31
2.524999999999999911e+00,3.596931527641088382e+31
2.535000000000000142e+00,3.579651926310980726e+31
2.544999999999999929e+00,3.486416495191731788e+31
2.555000000000000160e+00,3.479882956254964957e+31
2.564999999999999947e+00,3.484333563258219354e+31
2.575000000000000178e+00,3.515448331089842344e+31
2.584999999999999964e+00,3.380620063285610403e+31
2.595000000000000195e+00,3.402642193153594226e+31
2.604999999999999982e+00,3.431584299071799948e+31
2.615000000000000213e+00,3.362057921442737078e+31
2.625000000000000000e+00,3.313844208640547540e+31
2.634999999999999787e+00,3.314684081252452090e+31
2.645000000000000018e+00,3.273468110483068131e+31
2.654999999999999805e+00,3.243378657221819712e+31
2.665000000000000036e+00,3.162006725845652985e+31
2.674999999999999822e+00,3.224023302356590513e+31
2.685000000000000053e+00,3.185239612242480051e+31
2.694999999999999840e+00,3.087646893299077222e+31
2.705000000000000071e+00,3.103865288066850444e+31
2.714999999999999858e+00,3.068395625210538695e+31
2.725000000000000089e+00,3.065864043377504790e+31
2.734999999999999876e+00,2.994354034992689893e+31
2.745000000000000107e+00,2.987848013249760143e+31
2.754999999999999893e+00,2.975426991231538228e+31
2.765000000000000124e+00,2.926510991786631343e+31
2.774999999999999911e+00,2.865869078567828550e+31
2.785000000000000142e+00,2.875202192877610097e+31
2.794999999999999929e+00,2.860601330547578221e+31
2.805000000000000160e+00,2.811736776291150276e+31
2.814999999999999947e+00,2.772007930388713153e+31
2.825000000000000178e+00,2.768926004678932688e+31
2.834999999999999964e+00,2.740710113398086624e+31
2.845000000000000195e+00,2.713009870401756445e+31
2.854999999999999982e+00,2.686620881511761806e+31
2.865000000000000213e+00,2.673851707171511620e+31
2.875000000000000000e+00,2.645694439477535837e+31
2.884999999999999787e+00,2.603130126210121883e+31
2.895000000000000018e+00,2.583497206607057200e+31
2.904999999999999805e+00,2.569595041720547901e+31
2.915000000000000036e+00,2.546862250411721246e+31
2.924999999999999822e+00,2.488382231508746006e+31
2.935000000000000053e+00,2.496962810387063156e+31
2.944999999999999840e+00,2.457007844935267237e+31
2.955000000000000071e+00,2.443743361105944651e+31
2.964999999999999858e+00,2.428750079663799156e+31
2.975000000000000089e+00,2.395461453519028358e+31
2.984999999999999876e+00,2.374165538288403291e+31
2.995000000000000107e+00,2.354025345198945504e+31
3.004999999999999893e+00,2.325701777942213998e+31
3.015000000000000124e+00,2.325643154355342816e+31
3.024999999999999911e+00,2.289952157548600281e+31
3.035000000000000142e+00,2.270134992386798368e+31
3.044999999999999929e+00,2.277912787044904522e+31
3.055000000000000160e+00,2.240965570519502410e+31
3.064999999999999947e+00,2.230696871619252026e+31
3.075000000000000178e+00,2.216925114303536787e+31
3.084999999999999964e+00,2.190435627836049400e+31
3.095000000000000195e+00,2.193650353916088155e+31
3.104999999999999982e+00,2.185331786579091464e+31
3.115000000000000213e+00,2.146016894983947390e+31
3.125000000000000000e+00,2.148165628902722798e+31
3.134999999999999787e+00,2.127024049237532300e+31
3.145000000000000018e+00,2.115493148619961535e+31
3.154999999999999805e+00,2.104179992753624532e+31
3.165000000000000036e+00,2.078313830546539373e+31
3.174999999999999822e+00,2.067929080872279415e+31
3.185000000000000053e+00,2.055382436882191453e+31
3.194999999999999840e+00,2.046598470049424575e+31
3.209999999999999964e+00,2.023573757205975923e+31
3.229999999999999982e+00,1.996958648766622714e+31
3.250000000000000000e+00,1.971190591337566072e+31
3.270000000000000018e+00,1.937918714789043990e+31
3.290000000000000036e+00,1.906942729326340768e+31
3.310000000000000053e+00,1.879979468564958836e+31
3.330000000000000071e+00,1.853723280045222938e+31
3.350000000000000089e+00,1.828017435402233150e+31
3.370000000000000107e+00,1.796025706567012731e+31
3.390000000000000124e+00,1.769440508120961058e+31
3.410000000000000142e+00,1.737733522421970392e+31
3.430000000000000160e+00,1.714412102444971733e+31
3.450000000000000178e+00,1.688739756994479603e+31
3.470000000000000195e+00,1.658359578598341078e+31
3.490000000000000213e+00,1.631117556699389069e+31
3.509999999999999787e+00,1.605225073698198720e+31
3.529999999999999805e+00,1.573757367945619896e+31
3.549999999999999822e+00,1.549215620241922196e+31
3.569999999999999840e+00,1.520492455474683253e+31
3.589999999999999858e+00,1.493376055547597742e+31
3.609999999999999876e+00,1.477545294293011929e+31
3.629999999999999893e+00,1.447812368151915915e+31
3.649999999999999911e+00,1.422299143865787716e+31
3.669999999999999929e+00,1.396468873650664220e+31
3.689999999999999947e+00,1.368964840210392202e+31
3.709999999999999964e+00,1.344627676860876570e+31
3.729999999999999982e+00,1.324891866880854458e+31
3.750000000000000000e+00,1.295871994980065282e+31
3.770000000000000018e+00,1.273623745562721986e+31
3.790000000000000036e+00,1.247844920536076981e+31
3.810000000000000053e+00,1.231546366986256073e+31
3.830000000000000071e+00,1.211586830256339170e+31
3.850000000000000089e+00,1.190297854144159788e+31
3.870000000000000107e+00,1.162602994946624467e+31
3.890000000000000124e+00,1.144032717585572891e+31
3.910000000000000142e+00,1.121956510449699789e+31
3.930000000000000160e+00,1.103654106988655747e+31
3.950000000000000178e+00,1.075632271744349044e+31
3.970000000000000195e+00,1.058369659290436212e+31
3.990000000000000213e+00,1.033533597252652510e+31
4.009999999999999787e+00,1.020376430479295528e+31
4.030000000000000249e+00,1.003392579162952210e+31
4.049999999999999822e+00,9.797355690611113656e+30
4.070000000000000284e+00,9.633477640912790776e+30
4.089999999999999858e+00,9.451740932414045385e+30
4.110000000000000320e+00,9.308412244513544879e+30
4.129999999999999893e+00,9.135772959577363739e+30
4.150000000000000355e+00,8.966483593890947254e+30
4.169999999999999929e+00,8.794684181566672016e+30
4.190000000000000391e+00,8.674483096886576689e+30
4.209999999999999964e+00,8.487697581518548199e+30
4.230000000000000426e+00,8.386100512671949340e+30
4.250000000000000000e+00,8.222527544905302402e+30
4.269999999999999574e+00,8.101953183508805954e+30
4.290000000000000036e+00,7.696845055835709927e+30
4.309999999999999609e+00,7.305515863876719581e+30
4.330000000000000071e+00,7.289997362952201952e+30
4.349999999999999645e+00,6.944809719459480001e+30
4.370000000000000107e+00,6.769873347037748561e+30
4.389999999999999680e+00,6.640505447610628761e+30
4.410000000000000142e+00,6.357243454249206937e+30
4.429999999999999716e+00,6.261744434836904907e+30
4.450000000000000178e+00,6.150954230449173682e+30
4.469999999999999751e+00,5.957386325000110721e+30
4.490000000000000213e+00,5.926272753568222999e+30
4.509999999999999787e+00,5.778002934774323033e+30
4.530000000000000249e+00,5.635065469586204254e+30
4.549999999999999822e+00,5.617242702777744083e+30
4.570000000000000284e+00,5.565159833242079910e+30
4.589999999999999858e+00,5.373073070661304785e+30
4.610000000000000320e+00,5.378630347416712203e+30
4.629999999999999893e+00,5.291248900186420916e+30
4.650000000000000355e+00,5.201785717422348860e+30
4.669999999999999929e+00,5.195018880537831667e+30
4.690000000000000391e+00,5.096804033733759176e+30
4.709999999999999964e+00,4.997725386323141289e+30
4.730000000000000426e+00,4.992212376357820117e+30
4.750000000000000000e+00,4.876861496191486175e+30
4.769999999999999574e+00,4.825116011380263599e+30
4.790000000000000036e+00,4.777334198881346366e+30
4.809999999999999609e+00,4.675580401669847582e+30
4.830000000000000071e+00,4.676685875022268713e+30
4.849999999999999645e+00,4.586147128899077851e+30
4.870000000000000107e+00,4.504210496849381430e+30
4.889999999999999680e+00,4.438952873464299506e+30
4.910000000000000142e+00,4.389767684079679131e+30
4.929999999999999716e+00,4.325408556893372152e+30
4.950000000000000178e+00,4.246550261354260637e+30
4.969999999999999751e+00,4.224223049554601772e+30
4.990000000000000213e+00,4.135730146973228776e+30
5.009999999999999787e+00,4.099907546195960630e+30
5.030000000000000249e+00,4.047157085609807758e+30
5.049999999999999822e+00,3.970422399595098240e+30
5.070000000000000284e+00,3.938988193035017299e+30
5.089999999999999858e+00,3.886834735915162365e+30
5.110000000000000320e+00,3.823479388104051766e+30
5.129999999999999893e+00,3.798095374988985848e+30
5.150000000000000355e+00,3.732993283569071621e+30
5.169999999999999929e+00,3.712281211407689871e+30
5.190000000000000391e+00,3.651663226183528149e+30
5.209999999999999964e+00,3.612671362516038709e+30
5.230000000000000426e+00,3.547419721129617363e+30
5.250000000000000000e+00,3.515792894212673595e+30
5.269999999999999574e+00,3.493821013133436933e+30
5.290000000000000036e+00,3.414949557197270910e+30
5.309999999999999609e+00,3.367231153884153321e+30
5.330000000000000071e+00,3.336939509068187516e+30
5.349999999999999645e+00,3.292318584661367105e+30
5.370000000000000107e+00,3.254425015947907117e+30
5.389999999999999680e+00,3.213749817857413131e+30
5.410000000000000142e+00,3.174830934573578346e+30
5.429999999999999716e+00,3.119181597436651700e+30
5.450000000000000178e+00,3.103178554620649248e+30
5.469999999999999751e+00,3.052333958807664947e+30
5.490000000000000213e+00,3.022037528392770792e+30
5.509999999999999787e+00,2.981460435080304310e+30
5.530000000000000249e+00,2.984811550729798378e+30
5.549999999999999822e+00,2.908606869796389907e+30
5.570000000000000284e+00,2.900561081598302152e+30
5.589999999999999858e+00,2.853107082625969818e+30
5.610000000000000320e+00,2.831160325941104880e+30
5.629999999999999893e+00,2.780454512497039898e+30
5.650000000000000355e+00,2.765010188355908026e+30
5.669999999999999929e+00,2.731956056558620494e+30
5.690000000000000391e+00,2.684907637095455499e+30
5.709999999999999964e+00,2.672844338597118893e+30
5.730000000000000426e+00,2.639178846536750064e+30
5.750000000000000000e+00,2.608515121404113676e+30
5.769999999999999574e+00,2.574233483481735199e+30
5.790000000000000036e+00,2.555359081308794027e+30
5.809999999999999609e+00,2.516272702062472360e+30
5.830000000000000071e+00,2.489698271214009501e+30
5.849999999999999645e+00,2.462136810586598922e+30
5.870000000000000107e+00,2.424918011322018469e+30
5.889999999999999680e+00,2.399592621793823002e+30
5.910000000000000142e+00,2.374287571061072880e+30
5.929999999999999716e+00,2.349577130995155395e+30
5.950000000000000178e+00,2.316913025510518489e+30
5.969999999999999751e+00,2.297318390698879307e+30
5.990000000000000213e+00,2.270681747064348469e+30
6.009999999999999787e+00,2.244322668167655986e+30
6.030000000000000249e+00,2.218358401182541916e+30
6.049999999999999822e+00,2.186652611883283478e+30
6.070000000000000284e+00,2.162728206441327823e+30
6.089999999999999858e+00,2.137332229328940750e+30
6.110000000000000320e+00,2.110084225431328895e+30
6.129999999999999893e+00,2.090715710169048453e+30
6.150000000000000355e+00,2.068444729156796145e+30
6.169999999999999929e+00,2.048205234889577501e+30
6.190000000000000391e+00,2.023533079615085967e+30
6.209999999999999964e+00,2.002603262702470792e+30
6.230000000000000426e+00,1.976126936632035719e+30
6.250000000000000000e+00,1.949966460090864389e+30
6.269999999999999574e+00,1.928286500546248879e+30
6.290000000000000036e+00,1.908386783802934599e+30
6.309999999999999609e+00,1.885586994109112910e+30
6.330000000000000071e+00,1.869375777739732324e+30
6.349999999999999645e+00,1.845442997499651635e+30
6.370000000000000107e+00,1.828947037994042141e+30
6.389999999999999680e+00,1.804920938574860890e+30
6.419999999999999929e+00,1.775554110751775388e+30
6.459999999999999964e+00,1.734581009127998265e+30
6.500000000000000000e+00,1.696412268476164941e+30
6.540000000000000036e+00,1.658884798080714113e+30
6.580000000000000071e+00,1.623789608340536783e+30
6.620000000000000107e+00,1.587161830543593409e+30
6.660000000000000142e+00,1.553125454566286507e+30
6.700000000000000178e+00,1.519480301301363022e+30
6.740000000000000213e+00,1.485611421286544127e+30
6.780000000000000249e+00,1.453752492821582167e+30
6.820000000000000284e+00,1.422089773912678030e+30
6.860000000000000320e+00,1.392332919776941057e+30
6.900000000000000355e+00,1.362282947706850424e+30
6.940000000000000391e+00,1.333196077421066044e+30
6.980000000000000426e+00,1.305282875272430227e+30
7.019999999999999574e+00,1.276925808823200839e+30
7.059999999999999609e+00,1.250920864247197065e+30
7.099999999999999645e+00,1.224515125760953738e+30
7.139999999999999680e+00,1.199359624994710594e+30
7.179999999999999716e+00,1.174250544538071511e+30
7.219999999999999751e+00,1.150196688645106875e+30
7.259999999999999787e+00,1.126296929037631487e+30
7.299999999999999822e+00,1.103337659259526368e+30
7.339999999999999858e+00,1.080589912954049423e+30
7.379999999999999893e+00,1.058947879280939830e+30
7.419999999999999929e+00,1.036876457743994964e+30
7.459999999999999964e+00,1.015849253893189399e+30
7.500000000000000000e+00,9.959498960697951530e+29
7.540000000000000036e+00,9.757406707157977413e+29
7.580000000000000071e+00,9.572511503366597967e+29
7.620000000000000107e+00,9.383845247619776850e+29
7.660000000000000142e+00,9.199962198001719099e+29
7.700000000000000178e+00,9.017968263560580416e+29
7.740000000000000213e+00,8.843712642586393310e+29
7.780000000000000249e+00,8.673699455062079316e+29
7.820000000000000284e+00,8.506216652971066042e+29
7.860000000000000320e+00,8.343873584128975913e+29
7.900000000000000355e+00,8.183754622388778052e+29
7.940000000000000391e+00,8.028812482289195653e+29
7.980000000000000426e+00,7.876992945490282436e+29
8.019999999999999574e+00,7.725400724640461595e+29
8.060000000000000497e+00,7.580764371832820994e+29
8.099999999999999645e+00,7.442291870444740479e+29
8.140000000000000568e+00,7.302089375044106965e+29
8.179999999999999716e+00,7.169476839543645917e+29
8.220000000000000639e+00,7.037813049030707482e+29
8.259999999999999787e+00,6.907980946507550174e+29
8.300000000000000711e+00,6.782537238201578663e+29
8.339999999999999858e+00,6.658264805233290696e+29
8.380000000000000782e+00,6.537403307901099757e+29
8.419999999999999929e+00,6.421548743447571252e+29
8.460000000000000853e+00,6.305849710959207067e+29
8.500000000000000000e+00,6.194019835204320078e+29
8.539999999999999147e+00,6.084021647439212808e+29
8.580000000000000071e+00,5.976943871420058010e+29
8.619999999999999218e+00,5.873074839482280714e+29
8.660000000000000142e+00,5.769697527834378374e+29
8.699999999999999289e+00,5.668781210435320049e+29
8.740000000000000213e+00,5.571169349096206215e+29
8.779999999999999361e+00,5.474310023188553091e+29
8.820000000000000284e+00,5.378930643749457684e+29
8.859999999999999432e+00,5.286853327570841046e+29
8.900000000000000355e+00,5.196045391507936440e+29
8.939999999999999503e+00,5.109585172071330602e+29
8.980000000000000426e+00,5.020351698055815378e+29
9.019999999999999574e+00,4.938471296793523685e+29
9.060000000000000497e+00,4.855822806903252880e+29
9.099999999999999645e+00,4.771067457084827894e+29
9.140000000000000568e+00,4.694034867536836084e+29
9.179999999999999716e+00,4.617095597167943429e+29
9.220000000000000639e+00,4.541528597291721333e+29
9.259999999999999787e+00,4.466778738432494353e+29
9.300000000000000711e+00,4.394010117529555901e+29
9.339999999999999858e+00,4.321645879736051574e+29
9.380000000000000782e+00,4.251875436561648456e+29
9.419999999999999929e+00,4.183048952775838618e+29
9.460000000000000853e+00,4.115470313910565491e+29
9.500000000000000000e+00,4.049656364650076880e+29
9.539999999999999147e+00,3.985273309469129280e+29
9.580000000000000071e+00,3.921428634167607619e+29
9.619999999999999218e+00,3.859224222898736627e+29
9.660000000000000142e+00,3.798823982425808892e+29
9.699999999999999289e+00,3.739098511401761115e+29
9.740000000000000213e+00,3.678173051446459417e+29
9.779999999999999361e+00,3.621987727229571146e+29
9.820000000000000284e+00,3.566529814049773552e+29
9.859999999999999432e+00,3.511241789631926872e+29
9.900000000000000355e+00,3.457678973627708078e+29
9.939999999999999503e+00,3.404147264016523273e+29
9.980000000000000426e+00,3.351948343706849583e+29
1.001999999999999957e+01,3.300817808357904427e+29
2.000000000000000000e+01,2.247311274698335660e+28
4.000000000000000000e+01,1.454415298273141996e+27
6.000000000000000000e+01,2.897639473452617114e+26
8.000000000000000000e+01,9.194299638069890601e+25
1.000000000000000000e+02,3.768380394843870313e+25
1.200000000000000000e+02,1.816900489091954281e+25
1.400000000000000000e+02,9.802000114370960710e+24
1.600000000000000000e+02,5.739521933792422559e+24
