9.090000000000000857e-03,1.458057139057525410e-09
9.350000000000000672e-03,1.124031785424926814e-07
9.609999999999998752e-03,6.839476294249663060e-06
9.770000000000000906e-03,7.682556453835743778e-05
9.960000000000000103e-03,1.226935442418906159e-03
1.020000000000000073e-02,3.501724429763408697e-02
1.038000000000000034e-02,3.902994507096063659e-01
1.055999999999999994e-02,4.004604736339715920e+00
1.077000000000000006e-02,5.485517895878469830e+01
1.104000000000000120e-02,1.369691054847751502e+03
1.140000000000000041e-02,7.871936960222605558e+04
1.178000000000000054e-02,4.322281167993774638e+06
1.213000000000000016e-02,1.382928021483236551e+08
1.247999999999999977e-02,3.637164057830721378e+09
1.270999999999999908e-02,2.824452112643457413e+10
1.284000000000000072e-02,8.706484396919653320e+10
1.305000000000000084e-02,5.115134074028613281e+11
1.324000000000000003e-02,2.417799432916275879e+12
1.339000000000000086e-02,7.985876088705112305e+12
1.366000000000000027e-02,6.417415182373311719e+13
1.398000000000000111e-02,6.828097336398062500e+14
1.433000000000000072e-02,8.025847803753156000e+15
1.471999999999999871e-02,1.087543986396634240e+17
1.510000000000000057e-02,1.209384258349621248e+18
1.551999999999999907e-02,1.508611009735619174e+19
1.588000000000000175e-02,1.178630563957134459e+20
1.619999999999999912e-02,6.781080023327932416e+20
1.660000000000000017e-02,5.489533013379254321e+21
1.703000000000000000e-02,4.653249600670991909e+22
1.734000000000000125e-02,2.032558719193728669e+23
1.768000000000000127e-02,9.641882349030498013e+23
1.801999999999999783e-02,4.309744095201542491e+24
1.816999999999999865e-02,8.194253030037584280e+24
1.860999999999999807e-02,5.079208582874388956e+25
1.909999999999999892e-02,3.504272761192691935e+26
1.939000000000000098e-02,1.049048269698028971e+27
1.984000000000000000e-02,5.392460728319297631e+27
2.018000000000000002e-02,1.768719079082530332e+28
2.050000000000000086e-02,5.215931947854198779e+28
2.104999999999999927e-02,3.095557488327442300e+29
2.162000000000000033e-02,1.778844210014933423e+30
2.197999999999999954e-02,5.118683792033627785e+30
2.230000000000000038e-02,1.272159352290683318e+31
2.268000000000000224e-02,3.625264666095676812e+31
2.299999999999999961e-02,2.393580713140234423e+23
2.340000000000000066e-02,5.371011673922969178e+23
2.400000000000000050e-02,1.191924957779758269e+24
2.464999999999999830e-02,2.755176978958126556e+24
2.524000000000000202e-02,5.720343646087539572e+24
2.568000000000000144e-02,9.077773893366678127e+24
2.599999999999999881e-02,1.484358790767079651e+25
2.639999999999999986e-02,2.308467639801923843e+25
2.684999999999999887e-02,3.791530729659185405e+25
2.734999999999999931e-02,6.369224201166030947e+25
2.784999999999999976e-02,1.044936602738866857e+26
2.840000000000000163e-02,1.931241607884430945e+26
2.900000000000000147e-02,3.325955363128166600e+26
2.960000000000000131e-02,5.655011845919070983e+26
3.009999999999999828e-02,8.544761063138768785e+26
3.080000000000000099e-02,1.549901157288391260e+27
3.180000000000000188e-02,3.673857637612927323e+27
3.280000000000000276e-02,7.527922984867031954e+27
3.379999999999999671e-02,1.594282801748800077e+28
3.479999999999999760e-02,3.194817988497332610e+28
3.570000000000000256e-02,1.280737538369536505e+29
3.660000000000000059e-02,2.623455761258049156e+29
3.749999999999999861e-02,4.124835731013112947e+29
3.849999999999999950e-02,7.380031228388464054e+29
3.950000000000000039e-02,1.495843031795100732e+30
4.050000000000000128e-02,2.556902436963148715e+30
4.139999999999999930e-02,4.333032015986043625e+30
4.220000000000000140e-02,6.830967499355268947e+30
4.299999999999999656e-02,1.104491108241203175e+31
4.410000000000000031e-02,2.098488719228226483e+31
4.510000000000000120e-02,3.713916689841412612e+31
4.599999999999999922e-02,6.216775358108055436e+31
4.700000000000000011e-02,1.103748144007595386e+32
4.800000000000000100e-02,1.926038465449712072e+32
4.900000000000000189e-02,3.312364262171992046e+32
5.000000000000000278e-02,5.597069010495789268e+32
5.059999999999999915e-02,2.159858043484121635e+32
5.120000000000000245e-02,1.431330765443090838e+33
5.199999999999999761e-02,1.571058290150097909e+33
5.299999999999999850e-02,1.768195055999888988e+33
5.399999999999999939e-02,1.724532447778446920e+33
5.500000000000000028e-02,2.743297926018526453e+33
5.600000000000000117e-02,3.278065874653365141e+33
5.700000000000000205e-02,3.846015969856821310e+33
5.800000000000000294e-02,3.628844294093993366e+33
5.899999999999999689e-02,4.768656711624732751e+33
5.999999999999999778e-02,5.230483757795214225e+33
6.099999999999999867e-02,6.251594179510128814e+33
6.199999999999999956e-02,6.972046955759501134e+33
6.300000000000000044e-02,7.658415500042287378e+33
6.400000000000000133e-02,7.682109000335954656e+33
6.500000000000000222e-02,8.913264144609828578e+33
6.579999999999999738e-02,9.784596087468719547e+33
6.650000000000000355e-02,1.026199427615193205e+34
6.750000000000000444e-02,1.018977121352680904e+34
6.850000000000000533e-02,1.039935292938946496e+34
6.950000000000000622e-02,1.324360665399820860e+34
7.049999999999999323e-02,1.303103034960620978e+34
7.159999999999999698e-02,1.501208884593378614e+34
7.259999999999999787e-02,1.562611708041771094e+34
7.349999999999999589e-02,1.606062553510638982e+34
7.449999999999999678e-02,1.831459477431362592e+34
7.549999999999999767e-02,1.952672716284778378e+34
7.649999999999999856e-02,2.081223474694903373e+34
7.749999999999999944e-02,2.234938108669395968e+34
7.850000000000000033e-02,2.396794242820539902e+34
7.950000000000000122e-02,2.476738869316361965e+34
8.050000000000000211e-02,2.579044206804338612e+34
8.150000000000000300e-02,2.647255741127870660e+34
8.250000000000000389e-02,2.891399052450205237e+34
8.350000000000000477e-02,2.409139891655643077e+34
8.450000000000000566e-02,3.000767933956250977e+34
8.550000000000000655e-02,3.071660600079323729e+34
8.649999999999999356e-02,3.280776916446207101e+34
8.749999999999999445e-02,3.506226481955141754e+34
8.849999999999999534e-02,3.798471044504851781e+34
8.949999999999999623e-02,3.980588208118391664e+34
9.049999999999999711e-02,3.967114354335959023e+34
9.149999999999999800e-02,5.867167017605380150e+34
9.249999999999999889e-02,4.568435627265697312e+35
9.349999999999999978e-02,1.023178757571694015e+36
9.450000000000000067e-02,1.831871038939190843e+36
9.550000000000000155e-02,2.284381720396140569e+36
9.650000000000000244e-02,2.467456003795326514e+36
9.750000000000000333e-02,3.782241882139490121e+35
9.850000000000000422e-02,1.747699532190010451e+36
9.950000000000000511e-02,1.825041989268605691e+36
1.005000000000000060e-01,2.587128279793852164e+36
1.015000000000000069e-01,2.590492555840398278e+36
1.024999999999999939e-01,1.403011983785287253e+36
1.034999999999999948e-01,1.971505244467097214e+36
1.044999999999999957e-01,3.161160871235088118e+36
1.054999999999999966e-01,2.913644909068084469e+36
1.064999999999999974e-01,2.312209978163800066e+36
1.074999999999999983e-01,2.652921890258895754e+36
1.084999999999999992e-01,2.189868534363054344e+36
1.095000000000000001e-01,2.741947190721033901e+36
1.105000000000000010e-01,2.501085603863733276e+36
1.115000000000000019e-01,2.406806912178130937e+36
1.125000000000000028e-01,1.983773127319615728e+36
1.135000000000000037e-01,2.539912364368199038e+36
1.145000000000000046e-01,2.314581242432738517e+36
1.155000000000000054e-01,2.363218480740075910e+36
1.165000000000000063e-01,2.330122474952166252e+36
1.174999999999999933e-01,1.365259590240209716e+36
1.184999999999999942e-01,2.227841065458830684e+36
1.194999999999999951e-01,1.936870668623761494e+36
1.204999999999999960e-01,1.385310053349763246e+36
1.214999999999999969e-01,1.125000271008027625e+36
1.224999999999999978e-01,1.839949129930043397e+36
1.234999999999999987e-01,2.187167063768068132e+36
1.244999999999999996e-01,2.203281371759151950e+36
1.255000000000000004e-01,2.090998060505814344e+36
1.265000000000000013e-01,2.049743804945004052e+36
1.275000000000000022e-01,2.207925795518999418e+36
1.285000000000000031e-01,2.192699216129101878e+36
1.295000000000000040e-01,1.747633730204747159e+36
1.305000000000000049e-01,1.829033178774749588e+36
1.315000000000000058e-01,2.119842061645990725e+36
1.325000000000000067e-01,1.968950931039154266e+36
1.335000000000000075e-01,1.842395767382101173e+36
1.345000000000000084e-01,1.956191327896759643e+36
1.355000000000000093e-01,1.906960675322321912e+36
1.365000000000000102e-01,1.734643221914065511e+36
1.375000000000000111e-01,1.703462652097180312e+36
1.385000000000000120e-01,1.672176799103874318e+36
1.395000000000000129e-01,1.216679903915708473e+36
1.405000000000000138e-01,1.292270831786571685e+36
1.414999999999999869e-01,1.496916202354756163e+36
1.424999999999999878e-01,1.468903699028359686e+36
1.434999999999999887e-01,1.513360716671887743e+36
1.441999999999999948e-01,1.545634795843874120e+36
1.446999999999999953e-01,1.518618893494281575e+36
1.454999999999999905e-01,1.469713661646962851e+36
1.464999999999999913e-01,1.340197408653067240e+36
1.474999999999999922e-01,1.366231066822640639e+36
1.484999999999999931e-01,1.352216440361317965e+36
1.494999999999999940e-01,1.329616449422749947e+36
1.504999999999999949e-01,1.207090760063266654e+36
1.512000000000000011e-01,1.055991575543025612e+36
1.517000000000000015e-01,1.100777603112869684e+36
1.524999999999999967e-01,1.133428907120373376e+36
1.534999999999999976e-01,9.481144848628826891e+35
1.544999999999999984e-01,9.202609830608763734e+35
1.554999999999999993e-01,9.003264510853592313e+35
1.565000000000000002e-01,9.805589313567133963e+35
1.575000000000000011e-01,1.048316790901849281e+36
1.585000000000000020e-01,1.059823404604859690e+36
1.595000000000000029e-01,1.050466481940410303e+36
1.605000000000000038e-01,1.063187321731485704e+36
1.615000000000000047e-01,1.045730413961087072e+36
1.625000000000000056e-01,1.015548598640523451e+36
1.635000000000000064e-01,1.081887288823492713e+36
1.645000000000000073e-01,1.079705893192031791e+36
1.655000000000000082e-01,1.053486673424016447e+36
1.665000000000000091e-01,1.085112782501119701e+36
1.671999999999999875e-01,1.026263913560751213e+36
1.676999999999999880e-01,1.116664116594969577e+36
1.685000000000000109e-01,1.096311921472991276e+36
1.695000000000000118e-01,1.030739166398485507e+36
1.705000000000000127e-01,1.000296894856253343e+36
1.715000000000000135e-01,9.386236850684160030e+35
1.724999999999999867e-01,9.271313085222170158e+35
1.734999999999999876e-01,9.724225756989091586e+35
1.744999999999999885e-01,9.422843093285926287e+35
1.754999999999999893e-01,9.610229201319447560e+35
1.764999999999999902e-01,9.329301383835271280e+35
1.774999999999999911e-01,8.831061911819615396e+35
1.784999999999999920e-01,9.028405654823052155e+35
1.794999999999999929e-01,9.327024635145164221e+35
1.804999999999999938e-01,9.395431182625021804e+35
1.814999999999999947e-01,8.298963130986998800e+35
1.824999999999999956e-01,8.684592674622465291e+35
1.834999999999999964e-01,8.365418350503869216e+35
1.844999999999999973e-01,7.579261693769356921e+35
1.854999999999999982e-01,7.609536588989073013e+35
1.864999999999999991e-01,7.736596633333056291e+35
1.875000000000000000e-01,8.205088822410829293e+35
1.885000000000000009e-01,7.265709251991699886e+35
1.895000000000000018e-01,6.718525066937568070e+35
1.905000000000000027e-01,7.393683345730973459e+35
1.915000000000000036e-01,6.864099397135141422e+35
1.925000000000000044e-01,6.541211448248239848e+35
1.935000000000000053e-01,6.979889356003139946e+35
1.945000000000000062e-01,7.149333057254992384e+35
1.955000000000000071e-01,6.415625368374153595e+35
1.967000000000000137e-01,7.030162072744200647e+35
1.975999999999999979e-01,7.310780022697774012e+35
1.983999999999999930e-01,6.776168802427835757e+35
1.995000000000000107e-01,6.634054460255371951e+35
2.005000000000000115e-01,6.898052025131203994e+35
2.015000000000000124e-01,6.764544582631164486e+35
2.025000000000000133e-01,7.012522355094743071e+35
2.034999999999999865e-01,6.361532547288632199e+35
2.044999999999999873e-01,6.515909986714685174e+35
2.054999999999999882e-01,6.249962290275601104e+35
2.064999999999999891e-01,6.299553059169388804e+35
2.074000000000000010e-01,6.734556823347139726e+35
2.078000000000000125e-01,6.004014808157325282e+35
2.084999999999999909e-01,6.353240300745742523e+35
2.094999999999999918e-01,5.964997820095461596e+35
2.104999999999999927e-01,6.171191331916928908e+35
2.114999999999999936e-01,6.191751461312338721e+35
2.124999999999999944e-01,6.240572945178413242e+35
2.134999999999999953e-01,6.094061833990639486e+35
2.144999999999999962e-01,5.788307525666534295e+35
2.154999999999999971e-01,6.058492869956567887e+35
2.164999999999999980e-01,6.014449806620330909e+35
2.174999999999999989e-01,5.935817630630576362e+35
2.184999999999999998e-01,5.725928440036784167e+35
2.195000000000000007e-01,5.847431207625357737e+35
2.205000000000000016e-01,5.788678409583473667e+35
2.215000000000000024e-01,5.659062855411816581e+35
2.225000000000000033e-01,5.492349338348518309e+35
2.235000000000000042e-01,5.477773600412860848e+35
2.245000000000000051e-01,5.488158350087120455e+35
2.255000000000000060e-01,5.306239788829102119e+35
2.265000000000000069e-01,5.378729648594473122e+35
2.275000000000000078e-01,5.324348495173526730e+35
2.285000000000000087e-01,5.334800243232781522e+35
2.295000000000000095e-01,4.988124278473377883e+35
2.305000000000000104e-01,5.133333706752674283e+35
2.315000000000000113e-01,4.945571929203286359e+35
2.325000000000000122e-01,4.248860509236863790e+35
2.335000000000000131e-01,4.699533520705373055e+35
2.344999999999999862e-01,4.725482234493970948e+35
2.354999999999999871e-01,4.741584578487732879e+35
2.364999999999999880e-01,4.653491273416868006e+35
2.374999999999999889e-01,4.585188812713699766e+35
2.384999999999999898e-01,4.516709284850187530e+35
2.394999999999999907e-01,4.522030870858378950e+35
2.404999999999999916e-01,4.404850695501728488e+35
2.414999999999999925e-01,4.393458577253075988e+35
2.424999999999999933e-01,4.410760910178093999e+35
2.434999999999999942e-01,4.264926961238664489e+35
2.444999999999999951e-01,4.308868330597676500e+35
2.454999999999999960e-01,4.302527412017771040e+35
2.464999999999999969e-01,4.215582650689681824e+35
2.474999999999999978e-01,4.142913330964502447e+35
2.484999999999999987e-01,4.108020332779042905e+35
2.494999999999999996e-01,3.623084825783867414e+35
2.505000000000000004e-01,4.011778349133132546e+35
2.513000000000000234e-01,3.816573768850614434e+35
2.518000000000000238e-01,3.966693221630273632e+35
2.525000000000000022e-01,3.882689210843581645e+35
2.535000000000000031e-01,3.842920883749986872e+35
2.545000000000000040e-01,3.738469205142698999e+35
2.555000000000000049e-01,3.797504353521349336e+35
2.565000000000000058e-01,3.747887263833456437e+35
2.575000000000000067e-01,3.771944469645669955e+35
2.585000000000000075e-01,3.723448406506716064e+35
2.595000000000000084e-01,3.682245596134385014e+35
2.605000000000000093e-01,3.627577306777743600e+35
2.615000000000000102e-01,3.575328137679324937e+35
2.625000000000000111e-01,3.560661473364030732e+35
2.635000000000000120e-01,3.544471792189827147e+35
2.645000000000000129e-01,3.562253881407399676e+35
2.655000000000000138e-01,3.548082526581176966e+35
2.665000000000000147e-01,3.400522172828388142e+35
2.675000000000000155e-01,3.429716719090058902e+35
2.685000000000000164e-01,3.411456069979662568e+35
2.695000000000000173e-01,3.297851933422133989e+35
2.705000000000000182e-01,3.253537287346720074e+35
2.715000000000000191e-01,3.231566602667214437e+35
2.725000000000000200e-01,3.218786660729375115e+35
2.735000000000000209e-01,3.219872991686083604e+35
2.745000000000000218e-01,3.092463598620340719e+35
2.755000000000000226e-01,3.086676613116378832e+35
2.765000000000000235e-01,3.073846422389792752e+35
2.775000000000000244e-01,3.105883614414831235e+35
2.785000000000000253e-01,3.050346738852717160e+35
2.795000000000000262e-01,2.887645946490740187e+35
2.805000000000000271e-01,2.933715710973082624e+35
2.814999999999999725e-01,2.987044032629817751e+35
2.824999999999999734e-01,2.957747792390923500e+35
2.834999999999999742e-01,2.841305795668953371e+35
2.844999999999999751e-01,2.864584145255598045e+35
2.854999999999999760e-01,2.824239153491151435e+35
2.864999999999999769e-01,2.846786502841508908e+35
2.874999999999999778e-01,2.810648052534977128e+35
2.884999999999999787e-01,2.785965129662896835e+35
2.894999999999999796e-01,2.744989635239656540e+35
2.909999999999999809e-01,2.718272832823078025e+35
2.929999999999999827e-01,2.669917944852505792e+35
2.949999999999999845e-01,2.594360516174140321e+35
2.969999999999999862e-01,2.568243110023323014e+35
2.989999999999999880e-01,2.518554236351506544e+35
3.009999999999999898e-01,2.447716604616108383e+35
3.029999999999999916e-01,2.437773326442977686e+35
3.049999999999999933e-01,2.396711691239028293e+35
3.069999999999999951e-01,2.356565301830103230e+35
3.089999999999999969e-01,2.290065815523146630e+35
3.109999999999999987e-01,2.266080393694855576e+35
3.130000000000000004e-01,2.214933108749660902e+35
3.150000000000000022e-01,2.186914623424604294e+35
3.170000000000000040e-01,2.135824765666548034e+35
3.190000000000000058e-01,2.083183177456013924e+35
3.210000000000000075e-01,2.068719901095169652e+35
3.230000000000000093e-01,2.020700005049573344e+35
3.250000000000000111e-01,1.998700606776498132e+35
3.270000000000000129e-01,1.963671219021583842e+35
3.290000000000000147e-01,1.929612111449368286e+35
3.310000000000000164e-01,1.901591233324847300e+35
3.330000000000000182e-01,1.863741931401473182e+35
3.350000000000000200e-01,1.829940049771649408e+35
3.370000000000000218e-01,1.796098686950668573e+35
3.390000000000000235e-01,1.770784065020061669e+35
3.410000000000000253e-01,1.745608225458373520e+35
3.430000000000000271e-01,1.697728308181428158e+35
3.449999999999999734e-01,1.673757243149922261e+35
3.469999999999999751e-01,1.655866281556732925e+35
3.489999999999999769e-01,1.629409097882011122e+35
3.509999999999999787e-01,1.610644764484419632e+35
3.529999999999999805e-01,1.586525345886138577e+35
3.549999999999999822e-01,1.567528910940528316e+35
3.569999999999999840e-01,1.534802592669824255e+35
3.589999999999999858e-01,1.496577621230583856e+35
3.609999999999999876e-01,1.477508205901318020e+35
3.629999999999999893e-01,1.464010424124244281e+35
3.639999999999999902e-01,1.462622600435057459e+35
3.649999999999999911e-01,1.451326194164969536e+35
3.669999999999999929e-01,1.436173791558459870e+35
3.689999999999999947e-01,1.381888350116078608e+35
3.709999999999999964e-01,1.407247238836771142e+35
3.729999999999999982e-01,1.405572279211890406e+35
3.750000000000000000e-01,1.534313265179412781e+35
3.770000000000000018e-01,1.543013484030935618e+35
3.790000000000000036e-01,1.645585618659161924e+35
3.810000000000000053e-01,1.740285443050449175e+35
3.830000000000000071e-01,1.507993667473877545e+35
3.850000000000000089e-01,1.755171048516709920e+35
3.870000000000000107e-01,1.775865174682110103e+35
3.890000000000000124e-01,1.427363503931587669e+35
3.910000000000000142e-01,1.746680199618296852e+35
3.930000000000000160e-01,1.592361383779115403e+35
3.950000000000000178e-01,1.658536645758685590e+35
3.970000000000000195e-01,1.271180697309860338e+35
3.990000000000000213e-01,1.657018414498704226e+35
4.010000000000000231e-01,1.693668923890556666e+35
4.030000000000000249e-01,1.642641278918568128e+35
4.050000000000000266e-01,1.650488464761134173e+35
4.069999999999999729e-01,1.588689633001430788e+35
4.089999999999999747e-01,1.508463852568576215e+35
4.109999999999999765e-01,1.324543714558825799e+35
4.129999999999999782e-01,1.528939037583009858e+35
4.149999999999999800e-01,1.538339150277786495e+35
4.169999999999999818e-01,1.520831036598855465e+35
4.189999999999999836e-01,1.511953750586988079e+35
4.209999999999999853e-01,1.498513395997053492e+35
4.229999999999999871e-01,1.462630975233181673e+35
4.249999999999999889e-01,1.453563461663917137e+35
4.269999999999999907e-01,1.407543945970321459e+35
4.289999999999999925e-01,1.402090755991602940e+35
4.309999999999999942e-01,1.345746310610350261e+35
4.329999999999999960e-01,1.270095562752884222e+35
4.349999999999999978e-01,1.172665195253121895e+35
4.369999999999999996e-01,1.355397667248858844e+35
4.390000000000000013e-01,1.324512608165791846e+35
4.410000000000000031e-01,1.315781282921235610e+35
4.430000000000000049e-01,1.317301906980680614e+35
4.450000000000000067e-01,1.310497981704469246e+35
4.470000000000000084e-01,1.282582386756369239e+35
4.490000000000000102e-01,1.296299109684409518e+35
4.510000000000000120e-01,1.326582379702251853e+35
4.530000000000000138e-01,1.265781345319084589e+35
4.550000000000000155e-01,1.255783032758279117e+35
4.570000000000000173e-01,1.275430309158128978e+35
4.590000000000000191e-01,1.240787358516669192e+35
4.610000000000000209e-01,1.238107423116860309e+35
4.630000000000000226e-01,1.213276146678004489e+35
4.650000000000000244e-01,1.200966389834864021e+35
4.670000000000000262e-01,1.208515672144147561e+35
4.689999999999999725e-01,1.192472191017201600e+35
4.709999999999999742e-01,1.150949941916410494e+35
4.729999999999999760e-01,1.165750124441801935e+35
4.749999999999999778e-01,1.167325423969002094e+35
4.769999999999999796e-01,1.160661836381361107e+35
4.789999999999999813e-01,1.144505295479735678e+35
4.809999999999999831e-01,1.126881968506607463e+35
4.829999999999999849e-01,1.121320863272057482e+35
4.849999999999999867e-01,1.033202314166846085e+35
4.869999999999999885e-01,9.213927772074029023e+34
4.889999999999999902e-01,1.079932730581230076e+35
4.909999999999999920e-01,1.078440461195434659e+35
4.929999999999999938e-01,1.044653056002369002e+35
4.949999999999999956e-01,1.073132514144187867e+35
4.969999999999999973e-01,1.051070783445072525e+35
4.989999999999999991e-01,1.011572842690922869e+35
5.010000000000000009e-01,9.940417581371365477e+34
5.030000000000000027e-01,9.947199971452398370e+34
5.050000000000000044e-01,9.797021895085866356e+34
5.070000000000000062e-01,9.928908215948970665e+34
5.090000000000000080e-01,9.614212016027467833e+34
5.110000000000000098e-01,9.604409913022720269e+34
5.130000000000000115e-01,9.284305986312315077e+34
5.150000000000000133e-01,9.149630857673787845e+34
5.170000000000000151e-01,8.931187408995783594e+34
5.190000000000000169e-01,8.968574900622583441e+34
5.210000000000000187e-01,8.948718254269623073e+34
5.230000000000000204e-01,9.166601787873026127e+34
5.250000000000000222e-01,9.224245523363291969e+34
5.270000000000000240e-01,8.731408992537609691e+34
5.290000000000000258e-01,9.166272777946709300e+34
5.310000000000000275e-01,9.271920856286055579e+34
5.330000000000000293e-01,8.767066490151853658e+34
5.350000000000000311e-01,9.066351865124723223e+34
5.370000000000000329e-01,9.008448510892599747e+34
5.390000000000000346e-01,8.775425735079741101e+34
5.410000000000000364e-01,8.686871816112035252e+34
5.430000000000000382e-01,8.638844741668046182e+34
5.450000000000000400e-01,8.718100241918199806e+34
5.470000000000000417e-01,8.537865015083187528e+34
5.490000000000000435e-01,8.510071452907757665e+34
5.510000000000000453e-01,8.397292832165349228e+34
5.530000000000000471e-01,8.502686077361765522e+34
5.550000000000000488e-01,8.521857186668257800e+34
5.570000000000000506e-01,8.433012542565659994e+34
5.590000000000000524e-01,8.297940209216088192e+34
5.610000000000000542e-01,8.384408803450820194e+34
5.629999999999999449e-01,8.234180478295544189e+34
5.649999999999999467e-01,8.243621268581208230e+34
5.669999999999999485e-01,8.083576483624398951e+34
5.689999999999999503e-01,8.211454865385110346e+34
5.709999999999999520e-01,7.981140738565628683e+34
5.729999999999999538e-01,8.313977947624320792e+34
5.749999999999999556e-01,8.023708641032239029e+34
5.769999999999999574e-01,8.086072173465472550e+34
5.789999999999999591e-01,7.817292598860606951e+34
5.809999999999999609e-01,8.013046326620140250e+34
5.829999999999999627e-01,8.146615981906247111e+34
5.849999999999999645e-01,7.929987471621773251e+34
5.869999999999999662e-01,7.825724824172148862e+34
5.889999999999999680e-01,7.413543581283129656e+34
5.909999999999999698e-01,7.743820494915217541e+34
5.929999999999999716e-01,7.738677172467103229e+34
5.949999999999999734e-01,7.678506640742730388e+34
5.969999999999999751e-01,7.794010660074767186e+34
5.989999999999999769e-01,7.580322900331690740e+34
6.009999999999999787e-01,7.491169585098223683e+34
6.029999999999999805e-01,7.635977023067545835e+34
6.049999999999999822e-01,7.676886715505524241e+34
6.069999999999999840e-01,7.670525458130173234e+34
6.089999999999999858e-01,7.395379840551031746e+34
6.109999999999999876e-01,7.379172213380847360e+34
6.129999999999999893e-01,7.088527237272899132e+34
6.149999999999999911e-01,7.174470612025254923e+34
6.169999999999999929e-01,6.973185928304419881e+34
6.189999999999999947e-01,7.187324730746482930e+34
6.209999999999999964e-01,7.072122204146924834e+34
6.229999999999999982e-01,6.869940220627046080e+34
6.250000000000000000e-01,6.658103291269462915e+34
6.270000000000000018e-01,6.873391833854032150e+34
6.290000000000000036e-01,6.999894355922875104e+34
6.310000000000000053e-01,6.822598683229526022e+34
6.330000000000000071e-01,6.903118777996465981e+34
6.350000000000000089e-01,6.833643845555883661e+34
6.370000000000000107e-01,6.776141285233997263e+34
6.390000000000000124e-01,6.854324811324230507e+34
6.410000000000000142e-01,6.769447428733135998e+34
6.430000000000000160e-01,6.774235420460830498e+34
6.450000000000000178e-01,6.754463718488845561e+34
6.470000000000000195e-01,6.747845235171103511e+34
6.490000000000000213e-01,6.527316461760121724e+34
6.510000000000000231e-01,6.702045857028207484e+34
6.530000000000000249e-01,6.644893841827816018e+34
6.550000000000000266e-01,6.438528048444932542e+34
6.570000000000000284e-01,6.145502236870188095e+34
6.590000000000000302e-01,6.590996033898620709e+34
6.610000000000000320e-01,6.615863202329436101e+34
6.630000000000000338e-01,6.581984751116763321e+34
6.650000000000000355e-01,6.575805346500685065e+34
6.670000000000000373e-01,6.393018199037192408e+34
6.690000000000000391e-01,6.439488757429773582e+34
6.710000000000000409e-01,6.209971432831843962e+34
6.730000000000000426e-01,6.352364536141876361e+34
6.750000000000000444e-01,6.208749908705412914e+34
6.770000000000000462e-01,6.225384650579941975e+34
6.790000000000000480e-01,6.113136034918834630e+34
6.810000000000000497e-01,6.172336286460508368e+34
6.830000000000000515e-01,6.217720513896380685e+34
6.850000000000000533e-01,6.093129838599368206e+34
6.870000000000000551e-01,6.171683052206805128e+34
6.889999999999999458e-01,6.284637543709827217e+34
6.909999999999999476e-01,6.244801021831504332e+34
6.929999999999999494e-01,6.147510992020313122e+34
6.949999999999999512e-01,6.081748487948302268e+34
6.969999999999999529e-01,6.188281902089371296e+34
6.989999999999999547e-01,6.099591593552209962e+34
7.009999999999999565e-01,6.015467942792312208e+34
7.029999999999999583e-01,6.121550314234395556e+34
7.049999999999999600e-01,6.221021380757129248e+34
7.069999999999999618e-01,6.004445512060865969e+34
7.089999999999999636e-01,5.759994726007391747e+34
7.109999999999999654e-01,5.448527608962713540e+34
7.129999999999999671e-01,5.326683867450501993e+34
7.149999999999999689e-01,5.365501056757110468e+34
7.169999999999999707e-01,5.458545063919231079e+34
7.189999999999999725e-01,5.365486699960326603e+34
7.209999999999999742e-01,5.478651757816191019e+34
7.229999999999999760e-01,5.612144843519445370e+34
7.249999999999999778e-01,5.674462912762861625e+34
7.269999999999999796e-01,5.682609198538442918e+34
7.289999999999999813e-01,5.605641214575981623e+34
7.309999999999999831e-01,5.720369966881645407e+34
7.329999999999999849e-01,5.748800013714528975e+34
7.349999999999999867e-01,5.752634474855773906e+34
7.369999999999999885e-01,5.922459827622153568e+34
7.389999999999999902e-01,5.821612901407555125e+34
7.409999999999999920e-01,5.803309181906805533e+34
7.429999999999999938e-01,5.849072668057741435e+34
7.449999999999999956e-01,5.880033100323928200e+34
7.469999999999999973e-01,5.867480474335177972e+34
7.489999999999999991e-01,5.841438441367481171e+34
7.510000000000000009e-01,5.943217362973352924e+34
7.530000000000000027e-01,6.016122373445747821e+34
7.550000000000000044e-01,6.036041232584774989e+34
7.570000000000000062e-01,5.991845030082833730e+34
7.590000000000000080e-01,5.932732115721601093e+34
7.610000000000000098e-01,5.915842540704142968e+34
7.630000000000000115e-01,5.861240053332767134e+34
7.650000000000000133e-01,5.795435675270134289e+34
7.670000000000000151e-01,5.579508255228646602e+34
7.690000000000000169e-01,5.685159922767189079e+34
7.710000000000000187e-01,5.580553908594465842e+34
7.730000000000000204e-01,5.554813368359246821e+34
7.750000000000000222e-01,5.543562425278976348e+34
7.770000000000000240e-01,5.595737417594008170e+34
7.790000000000000258e-01,5.675435585745025475e+34
7.810000000000000275e-01,5.659192066582878197e+34
7.830000000000000293e-01,5.583270932385967592e+34
7.850000000000000311e-01,5.456773195916053208e+34
7.870000000000000329e-01,5.575934609228990756e+34
7.890000000000000346e-01,5.346017687120552742e+34
7.910000000000000364e-01,5.236344920082565859e+34
7.930000000000000382e-01,5.311984900342443492e+34
7.950000000000000400e-01,5.205025567896761240e+34
7.970000000000000417e-01,5.433730537076624424e+34
7.990000000000000435e-01,5.446006794727266561e+34
8.010000000000000453e-01,5.486203432924939674e+34
8.030000000000000471e-01,5.471993793307289879e+34
8.050000000000000488e-01,5.451561678683211154e+34
8.070000000000000506e-01,5.394858313382340621e+34
8.090000000000000524e-01,5.282139512626533316e+34
8.110000000000000542e-01,5.265686623511277928e+34
8.129999999999999449e-01,5.389298643827468381e+34
8.149999999999999467e-01,5.392041988413077728e+34
8.169999999999999485e-01,5.441251105792338757e+34
8.189999999999999503e-01,5.358698327880631843e+34
8.209999999999999520e-01,5.309221216961390258e+34
8.229999999999999538e-01,5.436144871735916944e+34
8.249999999999999556e-01,5.409240234561405104e+34
8.269999999999999574e-01,5.494835456991734399e+34
8.289999999999999591e-01,5.427323816511455229e+34
8.309999999999999609e-01,5.169396783876085926e+34
8.329999999999999627e-01,5.200281842959153477e+34
8.349999999999999645e-01,5.192828272628434514e+34
8.369999999999999662e-01,5.234356503727885640e+34
8.389999999999999680e-01,5.089738096916227711e+34
8.409999999999999698e-01,5.273610378936695930e+34
8.429999999999999716e-01,5.024985354218073204e+34
8.449999999999999734e-01,4.924260460776143614e+34
8.469999999999999751e-01,4.964208247829546761e+34
8.489999999999999769e-01,5.067591541476108422e+34
8.509999999999999787e-01,4.770731268760120890e+34
8.529999999999999805e-01,5.108990561404498302e+34
8.549999999999999822e-01,4.714494499354753199e+34
8.569999999999999840e-01,5.221442565020055579e+34
8.589999999999999858e-01,5.084103054178235334e+34
8.609999999999999876e-01,5.115215429210392901e+34
8.629999999999999893e-01,5.294371503487090561e+34
8.649999999999999911e-01,5.318287534130922052e+34
8.669999999999999929e-01,4.786741489974515364e+34
8.689999999999999947e-01,5.111333112079866882e+34
8.709999999999999964e-01,5.310179533146769320e+34
8.729999999999999982e-01,5.311828171977543197e+34
8.750000000000000000e-01,5.110714573418392316e+34
8.770000000000000018e-01,5.308177956395035764e+34
8.790000000000000036e-01,5.347032234093338582e+34
8.810000000000000053e-01,5.196450971017104744e+34
8.830000000000000071e-01,5.267439349118743363e+34
8.850000000000000089e-01,5.308883832236949586e+34
8.870000000000000107e-01,5.079014766117795428e+34
8.890000000000000124e-01,5.333438740337699529e+34
8.910000000000000142e-01,5.424707290297446072e+34
8.930000000000000160e-01,5.249374909564403829e+34
8.950000000000000178e-01,5.244876446571867990e+34
8.970000000000000195e-01,5.260956058970721658e+34
8.990000000000000213e-01,5.246221199870700264e+34
9.010000000000000231e-01,4.957671119693584869e+34
9.030000000000000249e-01,5.150869337625441593e+34
9.050000000000000266e-01,5.367349494343140849e+34
9.070000000000000284e-01,5.390833624683700018e+34
9.090000000000000302e-01,5.111156044919521778e+34
9.110000000000000320e-01,5.163498533197043408e+34
9.130000000000000338e-01,5.295083361327665326e+34
9.150000000000000355e-01,5.228890153352114522e+34
9.170000000000000373e-01,5.213116819284667204e+34
9.190000000000000391e-01,5.293094944972986030e+34
9.210000000000000409e-01,5.056303510004145450e+34
9.230000000000000426e-01,4.925779888435858089e+34
9.250000000000000444e-01,4.985268472312957193e+34
9.270000000000000462e-01,5.020869739139795303e+34
9.290000000000000480e-01,4.992652651459216963e+34
9.310000000000000497e-01,5.070838570348913108e+34
9.330000000000000515e-01,5.033488167113805760e+34
9.350000000000000533e-01,5.011072421733975386e+34
9.370000000000000551e-01,4.894884061755201948e+34
9.389999999999999458e-01,4.990428544357321961e+34
9.409999999999999476e-01,4.837771527745967726e+34
9.429999999999999494e-01,4.992008988403369940e+34
9.449999999999999512e-01,4.857276432577703557e+34
9.469999999999999529e-01,4.975195982968764326e+34
9.489999999999999547e-01,4.986267466089225872e+34
9.509999999999999565e-01,4.917668298252506393e+34
9.529999999999999583e-01,4.923059275445159220e+34
9.549999999999999600e-01,4.644712092183029389e+34
9.569999999999999618e-01,4.778646649387414124e+34
9.589999999999999636e-01,4.931391003179207616e+34
9.609999999999999654e-01,4.834958791975901030e+34
9.629999999999999671e-01,4.845975240708687248e+34
9.649999999999999689e-01,4.723101399027174545e+34
9.669999999999999707e-01,4.702327114079726577e+34
9.689999999999999725e-01,4.808576981484298810e+34
9.709999999999999742e-01,4.749863664633571800e+34
9.729999999999999760e-01,4.713030106082714051e+34
9.749999999999999778e-01,4.672579831141847015e+34
9.769999999999999796e-01,4.694978826925430622e+34
9.789999999999999813e-01,4.595963588700610258e+34
9.809999999999999831e-01,4.761938927129228751e+34
9.829999999999999849e-01,4.679962813888374412e+34
9.849999999999999867e-01,4.743479675663313083e+34
9.869999999999999885e-01,4.699309793955478497e+34
9.889999999999999902e-01,4.684708931625446920e+34
9.909999999999999920e-01,4.653530754608025435e+34
9.929999999999999938e-01,4.656873495459395067e+34
9.949999999999999956e-01,4.642303739522396890e+34
9.969999999999999973e-01,4.653851389736218417e+34
9.989999999999999991e-01,4.623229538594202853e+34
1.002499999999999947e+00,4.527178978905422754e+34
1.007500000000000062e+00,4.418990943934917982e+34
1.012499999999999956e+00,4.489572546127655813e+34
1.017500000000000071e+00,4.415825270243893453e+34
1.022499999999999964e+00,4.413136960045960356e+34
1.027500000000000080e+00,4.406930038236044897e+34
1.032499999999999973e+00,4.299580679477713236e+34
1.037500000000000089e+00,4.242971829755675276e+34
1.042499999999999982e+00,4.253197458265571318e+34
1.047500000000000098e+00,4.204365206801909128e+34
1.052499999999999991e+00,4.199298453936645481e+34
1.057500000000000107e+00,4.120802667516346327e+34
1.062500000000000000e+00,4.103972912485491639e+34
1.067499999999999893e+00,3.992169357524708570e+34
1.072500000000000009e+00,3.990354419131178181e+34
1.077499999999999902e+00,3.938491687146212729e+34
1.082500000000000018e+00,3.866607205645264154e+34
1.087499999999999911e+00,3.859227812097932493e+34
1.092500000000000027e+00,3.836682855547039027e+34
1.097499999999999920e+00,3.800744203995761167e+34
1.102500000000000036e+00,3.817376553070825943e+34
1.107499999999999929e+00,3.789655971279051009e+34
1.112500000000000044e+00,3.752847537122567562e+34
1.117499999999999938e+00,3.697887326231305324e+34
1.122500000000000053e+00,3.685774975343954030e+34
1.127499999999999947e+00,3.609918446732573588e+34
1.132500000000000062e+00,3.584114497311555856e+34
1.137499999999999956e+00,3.544414365002688456e+34
1.142500000000000071e+00,3.497035739213474978e+34
1.147499999999999964e+00,3.536345845209691585e+34
1.152500000000000080e+00,3.513201492393037373e+34
1.157499999999999973e+00,3.444501826978825763e+34
1.162500000000000089e+00,3.383500993840405039e+34
1.167499999999999982e+00,3.374877344571734159e+34
1.172500000000000098e+00,3.399961061354053282e+34
1.177499999999999991e+00,3.321197281393773572e+34
1.182500000000000107e+00,3.293102226485865468e+34
1.187500000000000000e+00,3.222959702994791430e+34
1.192499999999999893e+00,3.279981310624389277e+34
1.197500000000000009e+00,3.142380984640979947e+34
1.202499999999999902e+00,3.210776764523249492e+34
1.207500000000000018e+00,3.163341907946629697e+34
1.212499999999999911e+00,3.155785447238953855e+34
1.217500000000000027e+00,3.154219359989690202e+34
1.222499999999999920e+00,3.121834015642623840e+34
1.227500000000000036e+00,3.093344148823135912e+34
1.232499999999999929e+00,3.055222067760852668e+34
1.237500000000000044e+00,3.048321234106343890e+34
1.242499999999999938e+00,3.016425217249687618e+34
1.247500000000000053e+00,3.003693131301130770e+34
1.252499999999999947e+00,2.954071256014310315e+34
1.257500000000000062e+00,2.942880132920644201e+34
1.262499999999999956e+00,2.923447012072832310e+34
1.267500000000000071e+00,2.883602115396385580e+34
1.272499999999999964e+00,2.880906626800060551e+34
1.277500000000000080e+00,2.882539712434317728e+34
1.282499999999999973e+00,2.742367127026986439e+34
1.287500000000000089e+00,2.805862453606746545e+34
1.292499999999999982e+00,2.746524616095885870e+34
1.297500000000000098e+00,2.793130367658189696e+34
1.302499999999999991e+00,2.738349616726736385e+34
1.307500000000000107e+00,2.761002249253515299e+34
1.312500000000000000e+00,2.694058898645964398e+34
1.317499999999999893e+00,2.690896814154135605e+34
1.322500000000000009e+00,2.691152843696796119e+34
1.327499999999999902e+00,2.632748197976940205e+34
1.332500000000000018e+00,2.663030271595050351e+34
1.337499999999999911e+00,2.621024677002507792e+34
1.342500000000000027e+00,2.645589156301114876e+34
1.347499999999999920e+00,2.622076312366986592e+34
1.352500000000000036e+00,2.612794643245683440e+34
1.357499999999999929e+00,2.559719958332144543e+34
1.362500000000000044e+00,2.543216820428142397e+34
1.367499999999999938e+00,2.554900860211416643e+34
1.372500000000000053e+00,2.561488237136125755e+34
1.377499999999999947e+00,2.538802105416849156e+34
1.382500000000000062e+00,2.543521902359816835e+34
1.387499999999999956e+00,2.504092156390393816e+34
1.392500000000000071e+00,2.522005849578492615e+34
1.397499999999999964e+00,2.523288390091258089e+34
1.402500000000000080e+00,2.468955092659594262e+34
1.407499999999999973e+00,2.498339866478661156e+34
1.412500000000000089e+00,2.455599682450635661e+34
1.417499999999999982e+00,2.481705124604133018e+34
1.422500000000000098e+00,2.436562569914135506e+34
1.427499999999999991e+00,2.381567663430643671e+34
1.432500000000000107e+00,2.437031558609101710e+34
1.437500000000000000e+00,2.438503130279532329e+34
1.442499999999999893e+00,2.355169103342792840e+34
1.447500000000000009e+00,2.411262304780313113e+34
1.452499999999999902e+00,2.374898931324154863e+34
1.457000000000000073e+00,2.390033387934683267e+34
1.461999999999999966e+00,2.387907385610816574e+34
1.467500000000000027e+00,2.383556079785323428e+34
1.472499999999999920e+00,2.328503746114692442e+34
1.477500000000000036e+00,2.349975532105930387e+34
1.482499999999999929e+00,2.342841400503670649e+34
1.487500000000000044e+00,2.317592580558327387e+34
1.492499999999999938e+00,2.372704734215560888e+34
1.497500000000000053e+00,2.327684212298233151e+34
1.502499999999999947e+00,2.319512802128280324e+34
1.507500000000000062e+00,2.284524091964254914e+34
1.512499999999999956e+00,2.321265527735744375e+34
1.517500000000000071e+00,2.322449963470481080e+34
1.522499999999999964e+00,2.324078263505811532e+34
1.527500000000000080e+00,2.336133187206024135e+34
1.532499999999999973e+00,2.311726632672049258e+34
1.537500000000000089e+00,2.342739706526446605e+34
1.542499999999999982e+00,2.327478431544319394e+34
1.547500000000000098e+00,2.327734461086979909e+34
1.552499999999999991e+00,2.284154404447049852e+34
1.557500000000000107e+00,2.130425413675772470e+34
1.562500000000000000e+00,2.202317073575113900e+34
1.567499999999999893e+00,2.198377329257448268e+34
1.572500000000000009e+00,2.271309856923678985e+34
1.577499999999999902e+00,2.034417924377346273e+34
1.582500000000000018e+00,2.088872058181947964e+34
1.587499999999999911e+00,2.077818521057467864e+34
1.592500000000000027e+00,2.152327903570550825e+34
1.597499999999999920e+00,2.056650620598172445e+34
1.604999999999999982e+00,2.257906590725437911e+34
1.614999999999999991e+00,2.246550364468746736e+34
1.625000000000000000e+00,2.242535246967961889e+34
1.635000000000000009e+00,2.233593355370563233e+34
1.645000000000000018e+00,2.179977897778134192e+34
1.655000000000000027e+00,2.166915605503529526e+34
1.665000000000000036e+00,2.136415787134184659e+34
1.675000000000000044e+00,2.085467104544511993e+34
1.685000000000000053e+00,2.032914049914149881e+34
1.695000000000000062e+00,2.043408868363758852e+34
1.705000000000000071e+00,1.966080768081948253e+34
1.715000000000000080e+00,1.965857041332053511e+34
1.725000000000000089e+00,1.888832826582184746e+34
1.735000000000000098e+00,1.853832152420839985e+34
1.745000000000000107e+00,1.832731250346540167e+34
1.754999999999999893e+00,1.797771253776084794e+34
1.764999999999999902e+00,1.775265778416349265e+34
1.774999999999999911e+00,1.732731375142237526e+34
1.784999999999999920e+00,1.724386487011135793e+34
1.794999999999999929e+00,1.681460861024641119e+34
1.804999999999999938e+00,1.640280782247218563e+34
1.814999999999999947e+00,1.620562918263177274e+34
1.824999999999999956e+00,1.587003905778961875e+34
1.834999999999999964e+00,1.555696517590478451e+34
1.844999999999999973e+00,1.521747478793611568e+34
1.854999999999999982e+00,1.510973899206433449e+34
1.864999999999999991e+00,1.461847333408683798e+34
1.875000000000000000e+00,1.445417175888337044e+34
1.885000000000000009e+00,1.428709453630152823e+34
1.895000000000000018e+00,1.356037741105509577e+34
1.905000000000000027e+00,1.395979546160252703e+34
1.915000000000000036e+00,1.364880331525147551e+34
1.925000000000000044e+00,1.349687251327748313e+34
1.935000000000000053e+00,1.305473102829827452e+34
1.945000000000000062e+00,1.275058228841459170e+34
1.955000000000000071e+00,1.281472127805019837e+34
1.965000000000000080e+00,1.255933779124518145e+34
1.975000000000000089e+00,1.226928264020513914e+34
1.985000000000000098e+00,1.216878506271230141e+34
1.995000000000000107e+00,1.199620440136299097e+34
2.004999999999999893e+00,1.197046984312643151e+34
2.015000000000000124e+00,1.178503506305589722e+34
2.024999999999999911e+00,1.137235372507887472e+34
2.035000000000000142e+00,1.124572797383763146e+34
2.044999999999999929e+00,1.130085807349084595e+34
2.055000000000000160e+00,1.106129697314229211e+34
2.064999999999999947e+00,1.084666764681008660e+34
2.075000000000000178e+00,1.072429270381684482e+34
2.084999999999999964e+00,1.050282116741700159e+34
2.095000000000000195e+00,1.029132640838278813e+34
2.104999999999999982e+00,1.029434851410596455e+34
2.115000000000000213e+00,1.006640924075462001e+34
2.125000000000000000e+00,9.889348062408754025e+33
2.134999999999999787e+00,9.884518196690438227e+33
2.145000000000000018e+00,9.710333163300439960e+33
2.154999999999999805e+00,9.529739016545808444e+33
2.165000000000000036e+00,9.367803920012349330e+33
2.174999999999999822e+00,9.176580958038117642e+33
2.185000000000000053e+00,9.086218082675539809e+33
2.194999999999999840e+00,8.992562715250338641e+33
2.205000000000000071e+00,8.701117347721643558e+33
2.214999999999999858e+00,8.781814509648927928e+33
2.225000000000000089e+00,8.470851076891444368e+33
2.234999999999999876e+00,8.395607104942878241e+33
2.245000000000000107e+00,8.295687388520624998e+33
2.254999999999999893e+00,8.225217051502966276e+33
2.265000000000000124e+00,7.995827741676367604e+33
2.274999999999999911e+00,8.038924452824545747e+33
2.285000000000000142e+00,7.826793209132877427e+33
2.294999999999999929e+00,6.400693103318341598e+33
2.305000000000000160e+00,7.009064759869095458e+33
2.314999999999999947e+00,6.894101513215950878e+33
2.325000000000000178e+00,5.750519240129495573e+33
2.334999999999999964e+00,6.369870257021341999e+33
2.345000000000000195e+00,5.982265457428250148e+33
2.354999999999999982e+00,5.051381521506460096e+33
2.365000000000000213e+00,5.769312287120656408e+33
2.375000000000000000e+00,5.425136797801254109e+33
2.384999999999999787e+00,4.772328462402417596e+33
2.395000000000000018e+00,5.334230756960321617e+33
2.404999999999999805e+00,5.168687318834976599e+33
2.415000000000000036e+00,4.593715553604074596e+33
2.424999999999999822e+00,5.045608892799281706e+33
2.435000000000000053e+00,4.912283303058515317e+33
2.444999999999999840e+00,4.589554475335978622e+33
2.455000000000000071e+00,4.640734063073936925e+33
2.464999999999999858e+00,4.823336964978693353e+33
2.475000000000000089e+00,4.620378518032709210e+33
2.484999999999999876e+00,4.359033371362850945e+33
2.495000000000000107e+00,4.534693565622477181e+33
2.504999999999999893e+00,4.726532673458716729e+33
2.515000000000000124e+00,4.222952473039156321e+33
2.524999999999999911e+00,4.497834882677246284e+33
2.535000000000000142e+00,4.462438200204590364e+33
2.544999999999999929e+00,4.388188436433363769e+33
2.555000000000000160e+00,4.283312035921194538e+33
2.564999999999999947e+00,4.294134667897386234e+33
2.575000000000000178e+00,4.348771850860994317e+33
2.584999999999999964e+00,4.074139488766903696e+33
2.595000000000000195e+00,4.126161341916232689e+33
2.604999999999999982e+00,4.231583300706220288e+33
2.615000000000000213e+00,4.098359404942676790e+33
2.625000000000000000e+00,4.033934475771107661e+33
2.634999999999999787e+00,4.087118033060264034e+33
2.645000000000000018e+00,4.064935585628184389e+33
2.654999999999999805e+00,3.973755569248610283e+33
2.665000000000000036e+00,3.888112490828999207e+33
2.674999999999999822e+00,4.037575120155759683e+33
2.685000000000000053e+00,3.980906450447118286e+33
2.694999999999999840e+00,3.793572984001807548e+33
2.705000000000000071e+00,3.895874732290588806e+33
2.714999999999999858e+00,3.844979887688859095e+33
2.725000000000000089e+00,3.873991384791523463e+33
2.734999999999999876e+00,3.681930943004852536e+33
2.745000000000000107e+00,3.759405004053974378e+33
2.754999999999999893e+00,3.776305346669020633e+33
2.765000000000000124e+00,3.695206194431764045e+33
2.774999999999999911e+00,3.568996790297276409e+33
2.785000000000000142e+00,3.632439475288826279e+33
2.794999999999999929e+00,3.643392514835813439e+33
2.805000000000000160e+00,3.598517953685797175e+33
2.814999999999999947e+00,3.489857340821129772e+33
2.825000000000000178e+00,3.503844450088614200e+33
2.834999999999999964e+00,3.509139715302701735e+33
2.845000000000000195e+00,3.462254006203096274e+33
2.854999999999999982e+00,3.406991106179624344e+33
2.865000000000000213e+00,3.381769803428118285e+33
2.875000000000000000e+00,3.354879523050390427e+33
2.884999999999999787e+00,3.323074432573372145e+33
2.895000000000000018e+00,3.285818544917098176e+33
2.904999999999999805e+00,3.245268968798469882e+33
2.915000000000000036e+00,3.229591346709587394e+33
2.924999999999999822e+00,3.149568954231182409e+33
2.935000000000000053e+00,3.174573708631186235e+33
2.944999999999999840e+00,3.112222140195272526e+33
2.955000000000000071e+00,3.080493619301105024e+33
2.964999999999999858e+00,3.072256407145888278e+33
2.975000000000000089e+00,3.040825789785002936e+33
2.984999999999999876e+00,2.992091643099368708e+33
2.995000000000000107e+00,2.964050426179402176e+33
3.004999999999999893e+00,2.926478688993866215e+33
3.015000000000000124e+00,2.912722484874667424e+33
3.024999999999999911e+00,2.866458903635732264e+33
3.035000000000000142e+00,2.821672876065888205e+33
3.044999999999999929e+00,2.811115844830211973e+33
3.055000000000000160e+00,2.771738740449000343e+33
3.064999999999999947e+00,2.742539408588401704e+33
3.075000000000000178e+00,2.719782689284934000e+33
3.084999999999999964e+00,2.670043566824371534e+33
3.095000000000000195e+00,2.644632036515468648e+33
3.104999999999999982e+00,2.633909902116768277e+33
3.115000000000000213e+00,2.579867329819994388e+33
3.125000000000000000e+00,2.566642327181830272e+33
3.134999999999999787e+00,2.537819861236830588e+33
3.145000000000000018e+00,2.506529222644595545e+33
3.154999999999999805e+00,2.477295195191768232e+33
3.165000000000000036e+00,2.438805819411743231e+33
3.174999999999999822e+00,2.426437438981731769e+33
3.185000000000000053e+00,2.395155175187621435e+33
3.194999999999999840e+00,2.374647687380422284e+33
3.209999999999999964e+00,2.327519109135208897e+33
3.229999999999999982e+00,2.269645664896387024e+33
3.250000000000000000e+00,2.218974547044550959e+33
3.270000000000000018e+00,2.165945325320830595e+33
3.290000000000000036e+00,2.115349580652114322e+33
3.310000000000000053e+00,2.067521108563647710e+33
3.330000000000000071e+00,2.019928327222396457e+33
3.350000000000000089e+00,1.982667653967194495e+33
3.370000000000000107e+00,1.934678864314632025e+33
3.390000000000000124e+00,1.889032625337438885e+33
3.410000000000000142e+00,1.843916391441546836e+33
3.430000000000000160e+00,1.812445096489771242e+33
3.450000000000000178e+00,1.775853210684789681e+33
3.470000000000000195e+00,1.736165042373242899e+33
3.490000000000000213e+00,1.700803055492816231e+33
3.509999999999999787e+00,1.668173645600409396e+33
3.529999999999999805e+00,1.625606939533532057e+33
3.549999999999999822e+00,1.597672202189719003e+33
3.569999999999999840e+00,1.561689283848354752e+33
3.589999999999999858e+00,1.529628163828675552e+33
3.609999999999999876e+00,1.502345464338833768e+33
3.629999999999999893e+00,1.472290706669814907e+33
3.649999999999999911e+00,1.434498831933579134e+33
3.669999999999999929e+00,1.405041077730857022e+33
3.689999999999999947e+00,1.366692877119215039e+33
3.709999999999999964e+00,1.335123477389410676e+33
3.729999999999999982e+00,1.318504288711398603e+33
3.750000000000000000e+00,1.278758693212713016e+33
3.770000000000000018e+00,1.268230375570606475e+33
3.790000000000000036e+00,1.241468109964209796e+33
3.810000000000000053e+00,1.221251347291900814e+33
3.830000000000000071e+00,1.202181931962634367e+33
3.850000000000000089e+00,1.180878718693643689e+33
3.870000000000000107e+00,1.149235022540479154e+33
3.890000000000000124e+00,1.130729829324851087e+33
3.910000000000000142e+00,1.111630145082364086e+33
3.930000000000000160e+00,1.092319176647195674e+33
3.950000000000000178e+00,1.063396930964542394e+33
3.970000000000000195e+00,1.045788319708118494e+33
3.990000000000000213e+00,1.016626195879187932e+33
4.009999999999999787e+00,1.004375182262890889e+33
4.030000000000000249e+00,9.913790508934690065e+32
4.049999999999999822e+00,9.698652712716362315e+32
4.070000000000000284e+00,9.550002438807669255e+32
4.089999999999999858e+00,9.380753750712140553e+32
4.110000000000000320e+00,9.220454132612403824e+32
4.129999999999999893e+00,9.070014044704552081e+32
4.150000000000000355e+00,8.883128031759030077e+32
4.169999999999999929e+00,8.708546990057720593e+32
4.190000000000000391e+00,8.548479473506001931e+32
4.209999999999999964e+00,8.375739690992329800e+32
4.230000000000000426e+00,8.294586700767130257e+32
4.250000000000000000e+00,8.100832156959867727e+32
4.269999999999999574e+00,7.992425180838395515e+32
4.290000000000000036e+00,7.281364142485673026e+32
4.309999999999999609e+00,6.621718382618127945e+32
4.330000000000000071e+00,6.774407702022246224e+32
4.349999999999999645e+00,6.221662651013510688e+32
4.370000000000000107e+00,5.971686890997395207e+32
4.389999999999999680e+00,5.736175603741857460e+32
4.410000000000000142e+00,5.254463197624845840e+32
4.429999999999999716e+00,5.257844223267640949e+32
4.450000000000000178e+00,5.086075917336399227e+32
4.469999999999999751e+00,4.763079096073880333e+32
4.490000000000000213e+00,4.901917695779968343e+32
4.509999999999999787e+00,4.684797465205620366e+32
4.530000000000000249e+00,4.485952240538450963e+32
4.549999999999999822e+00,4.563792399905582333e+32
4.570000000000000284e+00,4.475800788811941503e+32
4.589999999999999858e+00,4.234818365581703520e+32
4.610000000000000320e+00,4.374131935981418821e+32
4.629999999999999893e+00,4.222652176706409012e+32
4.650000000000000355e+00,4.195608757162980025e+32
4.669999999999999929e+00,4.217975450153796360e+32
4.690000000000000391e+00,4.098892999223176471e+32
4.709999999999999964e+00,3.996824548882144415e+32
4.730000000000000426e+00,4.091912006786619160e+32
4.750000000000000000e+00,3.966798504806695821e+32
4.769999999999999574e+00,3.920461943184104579e+32
4.790000000000000036e+00,3.884563969223716827e+32
4.809999999999999609e+00,3.753893190488385620e+32
4.830000000000000071e+00,3.854017491264822984e+32
4.849999999999999645e+00,3.761307279627946676e+32
4.870000000000000107e+00,3.659892063540619330e+32
4.889999999999999680e+00,3.631735992246375618e+32
4.910000000000000142e+00,3.579693800301601931e+32
4.929999999999999716e+00,3.532235015730341562e+32
4.950000000000000178e+00,3.446197125399151988e+32
4.969999999999999751e+00,3.491074079348631673e+32
4.990000000000000213e+00,3.414925629202629208e+32
5.009999999999999787e+00,3.399268345909191990e+32
5.030000000000000249e+00,3.356197955555118534e+32
5.049999999999999822e+00,3.254742061876902233e+32
5.070000000000000284e+00,3.260655865752462777e+32
5.089999999999999858e+00,3.211910951469239987e+32
5.110000000000000320e+00,3.157356320087145343e+32
5.129999999999999893e+00,3.136262596411237573e+32
5.150000000000000355e+00,3.071258609769352246e+32
5.169999999999999929e+00,3.108039526731999355e+32
5.190000000000000391e+00,3.043136037667606507e+32
5.209999999999999964e+00,3.012612291303620922e+32
5.230000000000000426e+00,2.958508702620512160e+32
5.250000000000000000e+00,2.954466067925889289e+32
5.269999999999999574e+00,2.987323990167119133e+32
5.290000000000000036e+00,2.878312832180958902e+32
5.309999999999999609e+00,2.821997100393275627e+32
5.330000000000000071e+00,2.834040060096167597e+32
5.349999999999999645e+00,2.797384765105386445e+32
5.370000000000000107e+00,2.768037079678014240e+32
5.389999999999999680e+00,2.750025281711886844e+32
5.410000000000000142e+00,2.723332407289949820e+32
5.429999999999999716e+00,2.663739736636160485e+32
5.450000000000000178e+00,2.683477939415646468e+32
5.469999999999999751e+00,2.607829584357644774e+32
5.490000000000000213e+00,2.618028892073435972e+32
5.509999999999999787e+00,2.551326017812028237e+32
5.530000000000000249e+00,2.628603869305092973e+32
5.549999999999999822e+00,2.515374205863698034e+32
5.570000000000000284e+00,2.536274112783011830e+32
5.589999999999999858e+00,2.483505706200879297e+32
5.610000000000000320e+00,2.501801050903503430e+32
5.629999999999999893e+00,2.424907243724429711e+32
5.650000000000000355e+00,2.439686369614537655e+32
5.669999999999999929e+00,2.407036620926685550e+32
5.690000000000000391e+00,2.341471522810464939e+32
5.709999999999999964e+00,2.363091662368477589e+32
5.730000000000000426e+00,2.341333936841278276e+32
5.750000000000000000e+00,2.307384898044411696e+32
5.769999999999999574e+00,2.282466284425116078e+32
5.790000000000000036e+00,2.281401488663585613e+32
5.809999999999999609e+00,2.244989062818411523e+32
5.830000000000000071e+00,2.224759139749050343e+32
5.849999999999999645e+00,2.199724475355744971e+32
5.870000000000000107e+00,2.155003053371431564e+32
5.889999999999999680e+00,2.142729188520252516e+32
5.910000000000000142e+00,2.118612162721435824e+32
5.929999999999999716e+00,2.108356624218237674e+32
5.950000000000000178e+00,2.069376724548069187e+32
5.969999999999999751e+00,2.068521298739648171e+32
5.990000000000000213e+00,2.047243329505003711e+32
6.009999999999999787e+00,2.023921909528005232e+32
6.030000000000000249e+00,1.999686440155714284e+32
6.049999999999999822e+00,1.964412986855459388e+32
6.070000000000000284e+00,1.947975650936720514e+32
6.089999999999999858e+00,1.921401220088256664e+32
6.110000000000000320e+00,1.898792854351564257e+32
6.129999999999999893e+00,1.888697633412462829e+32
6.150000000000000355e+00,1.874814610921665937e+32
6.169999999999999929e+00,1.866932729486870373e+32
6.190000000000000391e+00,1.838192815123383119e+32
6.209999999999999964e+00,1.828961394790826120e+32
6.230000000000000426e+00,1.797272355087816871e+32
6.250000000000000000e+00,1.767568142540290909e+32
6.269999999999999574e+00,1.749619753759962888e+32
6.290000000000000036e+00,1.734594169525051311e+32
6.309999999999999609e+00,1.715793944135498125e+32
6.330000000000000071e+00,1.709724608294769861e+32
6.349999999999999645e+00,1.684518858739780214e+32
6.370000000000000107e+00,1.679265467516315722e+32
6.389999999999999680e+00,1.650569819942913634e+32
6.419999999999999929e+00,1.628111004172728593e+32
6.459999999999999964e+00,1.587977775160856606e+32
6.500000000000000000e+00,1.555830514360468693e+32
6.540000000000000036e+00,1.521962830745382364e+32
6.580000000000000071e+00,1.493773260258641039e+32
6.620000000000000107e+00,1.459034597638616598e+32
6.660000000000000142e+00,1.429122211537712176e+32
6.700000000000000178e+00,1.400653879913401675e+32
6.740000000000000213e+00,1.367584194919597520e+32
6.780000000000000249e+00,1.339184058080014496e+32
6.820000000000000284e+00,1.309889014240851949e+32
6.860000000000000320e+00,1.285825826429977347e+32
6.900000000000000355e+00,1.255627500793111687e+32
6.940000000000000391e+00,1.230193238889299463e+32
6.980000000000000426e+00,1.204025583949735428e+32
7.019999999999999574e+00,1.177847879252421894e+32
7.059999999999999609e+00,1.155051798397770045e+32
7.099999999999999645e+00,1.129676638640720948e+32
7.139999999999999680e+00,1.107330523725295469e+32
7.179999999999999716e+00,1.083326557701157814e+32
7.219999999999999751e+00,1.061793276763692291e+32
7.259999999999999787e+00,1.039141362076752951e+32
7.299999999999999822e+00,1.017993561132956532e+32
7.339999999999999858e+00,9.965202198220670903e+31
7.379999999999999893e+00,9.765001452657079353e+31
7.419999999999999929e+00,9.544667692402423611e+31
7.459999999999999964e+00,9.347967612454833136e+31
7.500000000000000000e+00,9.161813796145330331e+31
7.540000000000000036e+00,8.975762870212786306e+31
7.580000000000000071e+00,8.808508580470596734e+31
7.620000000000000107e+00,8.636341873428580952e+31
7.660000000000000142e+00,8.461511980583004414e+31
7.700000000000000178e+00,8.290876665198020814e+31
7.740000000000000213e+00,8.127692527344291374e+31
7.780000000000000249e+00,7.968921908102123226e+31
7.820000000000000284e+00,7.809731352554003930e+31
7.860000000000000320e+00,7.658798347956545460e+31
7.900000000000000355e+00,7.507776809778916298e+31
7.940000000000000391e+00,7.361749044082891796e+31
7.980000000000000426e+00,7.220631302887234227e+31
8.019999999999999574e+00,7.072993183151861073e+31
8.060000000000000497e+00,6.936524651314979617e+31
8.099999999999999645e+00,6.810877555054559335e+31
8.140000000000000568e+00,6.676816179478575375e+31
8.179999999999999716e+00,6.556274120874843569e+31
8.220000000000000639e+00,6.432133291877083972e+31
8.259999999999999787e+00,6.310668809079935924e+31
8.300000000000000711e+00,6.193501794120339595e+31
8.339999999999999858e+00,6.072740794365642136e+31
8.380000000000000782e+00,5.960488589505336699e+31
8.419999999999999929e+00,5.855484174221837045e+31
8.460000000000000853e+00,5.744343424712615343e+31
8.500000000000000000e+00,5.640869204686416883e+31
8.539999999999999147e+00,5.539924173693789447e+31
8.580000000000000071e+00,5.439802265716816944e+31
8.619999999999999218e+00,5.344678915820381166e+31
8.660000000000000142e+00,5.249717079887773100e+31
8.699999999999999289e+00,5.155998303276773819e+31
8.740000000000000213e+00,5.063773829931112716e+31
8.779999999999999361e+00,4.972315052413970406e+31
8.820000000000000284e+00,4.882591054508310456e+31
8.859999999999999432e+00,4.797214773228947924e+31
8.900000000000000355e+00,4.713034891681642347e+31
8.939999999999999503e+00,4.633391757918299880e+31
8.980000000000000426e+00,4.547619468327626708e+31
9.019999999999999574e+00,4.475198999746715823e+31
9.060000000000000497e+00,4.399840173423871579e+31
9.099999999999999645e+00,4.316501360888203794e+31
9.140000000000000568e+00,4.247772981880423458e+31
9.179999999999999716e+00,4.177697456774345468e+31
9.220000000000000639e+00,4.110294688669683356e+31
9.259999999999999787e+00,4.039568322109366958e+31
9.300000000000000711e+00,3.972973123823844755e+31
9.339999999999999858e+00,3.905492589736599413e+31
9.380000000000000782e+00,3.840955198990217245e+31
9.419999999999999929e+00,3.777474229207241048e+31
9.460000000000000853e+00,3.714268431362637907e+31
9.500000000000000000e+00,3.653959117269345658e+31
9.539999999999999147e+00,3.595398939584322958e+31
9.580000000000000071e+00,3.537526691745232669e+31
9.619999999999999218e+00,3.478053661064649300e+31
9.660000000000000142e+00,3.424858139778171754e+31
9.699999999999999289e+00,3.368157167276766472e+31
9.740000000000000213e+00,3.308542961427800229e+31
9.779999999999999361e+00,3.259670032373246801e+31
9.820000000000000284e+00,3.209678469569220997e+31
9.859999999999999432e+00,3.159816117936255560e+31
9.900000000000000355e+00,3.109854465125530617e+31
9.939999999999999503e+00,3.060693203735551989e+31
9.980000000000000426e+00,3.013377987132137734e+31
1.001999999999999957e+01,2.966383405656914671e+31
2.000000000000000000e+01,1.942919665669044665e+30
4.000000000000000000e+01,1.249329652603560571e+29
6.000000000000000000e+01,2.549629522991971061e+28
8.000000000000000000e+01,8.446013818453930082e+27
1.000000000000000000e+02,3.674836292593751197e+27
1.200000000000000000e+02,1.906421099043163968e+27
1.400000000000000000e+02,1.118531935856658121e+27
1.600000000000000000e+02,7.182003144738289921e+26
