9.090000000000000857e-03,3.689781718046614540e-21
9.350000000000000672e-03,2.844491808155423110e-19
9.609999999999998752e-03,1.730807564373089143e-17
9.770000000000000906e-03,1.944159135791456287e-16
9.960000000000000103e-03,3.104902566634544208e-15
1.020000000000000073e-02,8.861518659798605152e-14
1.038000000000000034e-02,9.876974896379812616e-13
1.055999999999999994e-02,1.013411709079095460e-11
1.077000000000000006e-02,1.388173037908576828e-10
1.104000000000000120e-02,3.466160251328264324e-09
1.140000000000000041e-02,1.992085712657952061e-07
1.178000000000000054e-02,1.093803071234866730e-05
1.213000000000000016e-02,3.499658247426146304e-04
1.247999999999999977e-02,9.204268040637396051e-03
1.270999999999999908e-02,7.147603063242438659e-02
1.284000000000000072e-02,2.203276586160223816e-01
1.305000000000000084e-02,1.294443493699988457e+00
1.324000000000000003e-02,6.118522226512556728e+00
1.339000000000000086e-02,2.020918946200539779e+01
1.366000000000000027e-02,1.624001371093110890e+02
1.398000000000000111e-02,1.727929026617758382e+03
1.433000000000000072e-02,2.031033309535354783e+04
1.471999999999999871e-02,2.752156069634680753e+05
1.510000000000000057e-02,3.060486226581905968e+06
1.551999999999999907e-02,3.817715134194997698e+07
1.588000000000000175e-02,2.982661620411291122e+08
1.619999999999999912e-02,1.716030831282445431e+09
1.660000000000000017e-02,1.389189977680825615e+10
1.703000000000000000e-02,1.177558829077156982e+11
1.734000000000000125e-02,5.143623940848101196e+11
1.768000000000000127e-02,2.439990255146479492e+12
1.801999999999999783e-02,1.090630578065369336e+13
1.816999999999999865e-02,2.073651460790710547e+13
1.860999999999999807e-02,1.285353248535814688e+14
1.909999999999999892e-02,8.867969647153861250e+14
1.939000000000000098e-02,2.654738025052159000e+15
1.984000000000000000e-02,1.364624301982487200e+16
2.018000000000000002e-02,4.475947945978984800e+16
2.050000000000000086e-02,1.319951932387188480e+17
2.104999999999999927e-02,7.833662936394352640e+17
2.162000000000000033e-02,4.501572435440194560e+18
2.197999999999999954e-02,1.295341989898763674e+19
2.230000000000000038e-02,3.219346575803978547e+19
2.268000000000000224e-02,9.174152266582038938e+19
2.299999999999999961e-02,6.933853090713295000e+14
2.340000000000000066e-02,1.668588796307433250e+15
2.400000000000000050e-02,5.347115982074582000e+15
2.464999999999999830e-02,1.756796955752576000e+16
2.524000000000000202e-02,4.933557683093963200e+16
2.568000000000000144e-02,1.032993183493682080e+17
2.599999999999999881e-02,1.755623287615427840e+17
2.639999999999999986e-02,3.333513020235574400e+17
2.684999999999999887e-02,6.663568445245502720e+17
2.734999999999999931e-02,1.402101523589191680e+18
2.784999999999999976e-02,2.906965409364006912e+18
2.840000000000000163e-02,6.290941373898038272e+18
2.900000000000000147e-02,1.413077294731088077e+19
2.960000000000000131e-02,3.063626775878557286e+19
3.009999999999999828e-02,5.758821057870243430e+19
3.080000000000000099e-02,1.345772631404455363e+20
3.180000000000000188e-02,4.296194868235989811e+20
3.280000000000000276e-02,1.274048467467602493e+21
3.379999999999999671e-02,3.610582448583866319e+21
3.479999999999999760e-02,9.663764500129830142e+21
3.570000000000000256e-02,2.284813620699413348e+22
3.660000000000000059e-02,5.147302870024178998e+22
3.749999999999999861e-02,1.106207582936786451e+23
3.849999999999999950e-02,2.505658243639657481e+23
3.950000000000000039e-02,5.447448456404396556e+23
4.050000000000000128e-02,1.143168558059107765e+24
4.139999999999999930e-02,2.172956227750687622e+24
4.220000000000000140e-02,3.746123770628404528e+24
4.299999999999999656e-02,6.315404159219419310e+24
4.410000000000000031e-02,1.274821341694512017e+25
4.510000000000000120e-02,2.333547767385047282e+25
4.599999999999999922e-02,3.932880572402862967e+25
4.700000000000000011e-02,6.870680792061190589e+25
4.800000000000000100e-02,1.171612961688777141e+26
4.900000000000000189e-02,1.959798473088913557e+26
5.000000000000000278e-02,3.206187375151076187e+26
5.059999999999999915e-02,6.357524608186240886e+28
5.120000000000000245e-02,3.296103993413597061e+29
5.199999999999999761e-02,4.327374241653143543e+29
5.299999999999999850e-02,6.459949585647423612e+29
5.399999999999999939e-02,7.628695734298244502e+29
5.500000000000000028e-02,1.235399970523213854e+30
5.600000000000000117e-02,1.597551365816781604e+30
5.700000000000000205e-02,2.164007157754896976e+30
5.800000000000000294e-02,2.311601010700182927e+30
5.899999999999999689e-02,3.373877154395732929e+30
5.999999999999999778e-02,4.506663116300098864e+30
6.099999999999999867e-02,5.861817914403350720e+30
6.199999999999999956e-02,7.119399135958912582e+30
6.300000000000000044e-02,8.845394780609664784e+30
6.400000000000000133e-02,1.029457343725558972e+31
6.500000000000000222e-02,1.278509842068445259e+31
6.579999999999999738e-02,1.522943878525669248e+31
6.650000000000000355e-02,1.683911087675895172e+31
6.750000000000000444e-02,1.959313931197430365e+31
6.850000000000000533e-02,2.322831614985007844e+31
6.950000000000000622e-02,2.848599048435576016e+31
7.049999999999999323e-02,3.299987506943855928e+31
7.159999999999999698e-02,3.906359979542341944e+31
7.259999999999999787e-02,4.494362930654814648e+31
7.349999999999999589e-02,5.063704438746653169e+31
7.449999999999999678e-02,5.989156719884902608e+31
7.549999999999999767e-02,6.922257584510193329e+31
7.649999999999999856e-02,7.919014093279342355e+31
7.749999999999999944e-02,9.108023664192022229e+31
7.850000000000000033e-02,1.035414457271420521e+32
7.950000000000000122e-02,1.151484612956667041e+32
8.050000000000000211e-02,1.293614388685672496e+32
8.150000000000000300e-02,1.428726203226401536e+32
8.250000000000000389e-02,1.625145129236957973e+32
8.350000000000000477e-02,1.712312420915210538e+32
8.450000000000000566e-02,1.955225833312989717e+32
8.550000000000000655e-02,2.168307018391912115e+32
8.649999999999999356e-02,2.412928889607069186e+32
8.749999999999999445e-02,2.689439599280489831e+32
8.849999999999999534e-02,3.013455753114721233e+32
8.949999999999999623e-02,3.303222571819340692e+32
9.049999999999999711e-02,3.459210365284742298e+32
9.149999999999999800e-02,7.876811092731008637e+32
9.249999999999999889e-02,3.857453551295291029e+33
9.349999999999999978e-02,1.227077813987021353e+34
9.450000000000000067e-02,5.146658010568599668e+34
9.550000000000000155e-02,1.245706954214889869e+35
9.650000000000000244e-02,1.689826087951187707e+35
9.750000000000000333e-02,2.371234358944861720e+34
9.850000000000000422e-02,1.956199702694884078e+35
9.950000000000000511e-02,1.948610939194442740e+35
1.005000000000000060e-01,2.849532240226581526e+35
1.015000000000000069e-01,2.525317484036828478e+35
1.024999999999999939e-01,4.170779873523587516e+34
1.034999999999999948e-01,1.373895203506201781e+35
1.044999999999999957e-01,3.551010116725521597e+35
1.054999999999999966e-01,3.635297674248711301e+35
1.064999999999999974e-01,2.812096892610498930e+35
1.074999999999999983e-01,3.436188045240758167e+35
1.084999999999999992e-01,2.480948999973472346e+35
1.095000000000000001e-01,3.499144991941092691e+35
1.105000000000000010e-01,3.274541281042722804e+35
1.115000000000000019e-01,3.013823047832462696e+35
1.125000000000000028e-01,2.868900755488861687e+35
1.135000000000000037e-01,3.601971959712247692e+35
1.145000000000000046e-01,3.177908074684430663e+35
1.155000000000000054e-01,3.417878343741348739e+35
1.165000000000000063e-01,3.637396159378740699e+35
1.174999999999999933e-01,2.787747765263662743e+35
1.184999999999999942e-01,3.603705542923998662e+35
1.194999999999999951e-01,2.008631920952308788e+35
1.204999999999999960e-01,1.385889110820078943e+35
1.214999999999999969e-01,4.549733506654172437e+34
1.224999999999999978e-01,1.905978431142302324e+35
1.234999999999999987e-01,3.545475571565022736e+35
1.244999999999999996e-01,3.921531524544564237e+35
1.255000000000000004e-01,3.658554488640179900e+35
1.265000000000000013e-01,2.854269983165529452e+35
1.275000000000000022e-01,3.858422635078257990e+35
1.285000000000000031e-01,3.999192223951887124e+35
1.295000000000000040e-01,3.035086660270322322e+35
1.305000000000000049e-01,3.007306258491945428e+35
1.315000000000000058e-01,3.776689390983011381e+35
1.325000000000000067e-01,3.531068525991586165e+35
1.335000000000000075e-01,2.974634974608915587e+35
1.345000000000000084e-01,3.699904456179553919e+35
1.355000000000000093e-01,3.528681708526130295e+35
1.365000000000000102e-01,3.095661575104131574e+35
1.375000000000000111e-01,3.269663559335124302e+35
1.385000000000000120e-01,3.344760374116647322e+35
1.395000000000000129e-01,3.059728905551512628e+35
1.405000000000000138e-01,3.176338398235971458e+35
1.414999999999999869e-01,3.035244585034954621e+35
1.424999999999999878e-01,3.112987836023789300e+35
1.434999999999999887e-01,3.064315902124222126e+35
1.441999999999999948e-01,3.211054329261087373e+35
1.446999999999999953e-01,3.222396198720993115e+35
1.454999999999999905e-01,3.124067693942374506e+35
1.464999999999999913e-01,2.893002228091162495e+35
1.474999999999999922e-01,2.844976350046905982e+35
1.484999999999999931e-01,2.841058140924417993e+35
1.494999999999999940e-01,2.862027439028190204e+35
1.504999999999999949e-01,2.696401449321332978e+35
1.512000000000000011e-01,2.398190441307851860e+35
1.517000000000000015e-01,2.560843377680546083e+35
1.524999999999999967e-01,2.497876859782355157e+35
1.534999999999999976e-01,2.210008727452511840e+35
1.544999999999999984e-01,2.404069549591182311e+35
1.554999999999999993e-01,2.256113187527083320e+35
1.565000000000000002e-01,2.264749997192806799e+35
1.575000000000000011e-01,2.370991489799254450e+35
1.585000000000000020e-01,2.445208950777715480e+35
1.595000000000000029e-01,2.485687939312152461e+35
1.605000000000000038e-01,2.408030829104025033e+35
1.615000000000000047e-01,2.427910207051894773e+35
1.625000000000000056e-01,2.280317550506340545e+35
1.635000000000000064e-01,2.396946185586512179e+35
1.645000000000000073e-01,2.393786493894147671e+35
1.655000000000000082e-01,2.194200697792834741e+35
1.665000000000000091e-01,2.400287730038149439e+35
1.671999999999999875e-01,2.240327889462315222e+35
1.676999999999999880e-01,2.326858696483113286e+35
1.685000000000000109e-01,2.422894899375109335e+35
1.695000000000000118e-01,2.278757445255738112e+35
1.705000000000000127e-01,2.162606173668657356e+35
1.715000000000000135e-01,2.018728338291143029e+35
1.724999999999999867e-01,1.997676488605857549e+35
1.734999999999999876e-01,2.110827189664937177e+35
1.744999999999999885e-01,2.031814558560388701e+35
1.754999999999999893e-01,2.150419645997919037e+35
1.764999999999999902e-01,1.964752764379363945e+35
1.774999999999999911e-01,2.006095553520346677e+35
1.784999999999999920e-01,2.035074747830245987e+35
1.794999999999999929e-01,2.126936712057092610e+35
1.804999999999999938e-01,2.110522107733262647e+35
1.814999999999999947e-01,1.924215152258056730e+35
1.824999999999999956e-01,1.974676900156781838e+35
1.834999999999999964e-01,1.879378875899465753e+35
1.844999999999999973e-01,1.735735534869433836e+35
1.854999999999999982e-01,1.675483647963281206e+35
1.864999999999999991e-01,1.719736081252627953e+35
1.875000000000000000e-01,1.889373599261075028e+35
1.885000000000000009e-01,1.714136930506598653e+35
1.895000000000000018e-01,1.613199077912362912e+35
1.905000000000000027e-01,1.739266110478736240e+35
1.915000000000000036e-01,1.636562371879983387e+35
1.925000000000000044e-01,1.600938373458236460e+35
1.935000000000000053e-01,1.666502275174725029e+35
1.945000000000000062e-01,1.695529325473906719e+35
1.955000000000000071e-01,1.571710328004069214e+35
1.967000000000000137e-01,1.706628325788204730e+35
1.975999999999999979e-01,1.756630656189819944e+35
1.983999999999999930e-01,1.643330405164233338e+35
1.995000000000000107e-01,1.587055350967440038e+35
2.005000000000000115e-01,1.635862478036729771e+35
2.015000000000000124e-01,1.568616438296968440e+35
2.025000000000000133e-01,1.662843684794092829e+35
2.034999999999999865e-01,1.539945915117939858e+35
2.044999999999999873e-01,1.574799432112242156e+35
2.054999999999999882e-01,1.506950406907523420e+35
2.064999999999999891e-01,1.524698996932597988e+35
2.074000000000000010e-01,1.593807831055173196e+35
2.078000000000000125e-01,1.490285755039692964e+35
2.084999999999999909e-01,1.549707340531798173e+35
2.094999999999999918e-01,1.456963629702424815e+35
2.104999999999999927e-01,1.482826202710314164e+35
2.114999999999999936e-01,1.482601279560687234e+35
2.124999999999999944e-01,1.501267508180249586e+35
2.134999999999999953e-01,1.420527275862610529e+35
2.144999999999999962e-01,1.415952243287222180e+35
2.154999999999999971e-01,1.461840155010291497e+35
2.164999999999999980e-01,1.419126291776371107e+35
2.174999999999999989e-01,1.401090565815602994e+35
2.184999999999999998e-01,1.358681784513357135e+35
2.195000000000000007e-01,1.405866593545976898e+35
2.205000000000000016e-01,1.363234085493836298e+35
2.215000000000000024e-01,1.315056264683608799e+35
2.225000000000000033e-01,1.257607542349666831e+35
2.235000000000000042e-01,1.323635647162193865e+35
2.245000000000000051e-01,1.273831919116100014e+35
2.255000000000000060e-01,1.227750190636437351e+35
2.265000000000000069e-01,1.250120472826450644e+35
2.275000000000000078e-01,1.271110109725669140e+35
2.285000000000000087e-01,1.281333345436101358e+35
2.295000000000000095e-01,1.227079010386752942e+35
2.305000000000000104e-01,1.202099380381122517e+35
2.315000000000000113e-01,1.152562808395197022e+35
2.325000000000000122e-01,9.059034684363460667e+34
2.335000000000000131e-01,1.088101030111880024e+35
2.344999999999999862e-01,1.066111801236527493e+35
2.354999999999999871e-01,1.100025785521244652e+35
2.364999999999999880e-01,1.044183708387482902e+35
2.374999999999999889e-01,1.055593413712196767e+35
2.384999999999999898e-01,1.005899515161505806e+35
2.394999999999999907e-01,1.058901817891255499e+35
2.404999999999999916e-01,1.008123382983454517e+35
2.414999999999999925e-01,1.018905815928650536e+35
2.424999999999999933e-01,1.040153157330153947e+35
2.434999999999999942e-01,9.897334030620239749e+34
2.444999999999999951e-01,1.035006604602761951e+35
2.454999999999999960e-01,1.009351367668438351e+35
2.464999999999999969e-01,1.002307085686056406e+35
2.474999999999999978e-01,9.682528833527420123e+34
2.484999999999999987e-01,1.009035159219255425e+35
2.494999999999999996e-01,9.725418567521953058e+34
2.505000000000000004e-01,1.011781973364086717e+35
2.513000000000000234e-01,9.465714881284478237e+34
2.518000000000000238e-01,9.788452083805140275e+34
2.525000000000000022e-01,9.308327300132569576e+34
2.535000000000000031e-01,9.293006205163839390e+34
2.545000000000000040e-01,9.058472376489392880e+34
2.555000000000000049e-01,9.374280031761976104e+34
2.565000000000000058e-01,9.242184340945764608e+34
2.575000000000000067e-01,9.565620240909946230e+34
2.585000000000000075e-01,9.505478422779143887e+34
2.595000000000000084e-01,9.467117061770450585e+34
2.605000000000000093e-01,9.135634177208446968e+34
2.615000000000000102e-01,9.071990497061911797e+34
2.625000000000000111e-01,9.098347183159140637e+34
2.635000000000000120e-01,9.117189282539314243e+34
2.645000000000000129e-01,9.435405290472530888e+34
2.655000000000000138e-01,9.360438883261803148e+34
2.665000000000000147e-01,8.964008242845318937e+34
2.675000000000000155e-01,9.140052481418935945e+34
2.685000000000000164e-01,9.019691079174744531e+34
2.695000000000000173e-01,8.809566197833736261e+34
2.705000000000000182e-01,8.837965138273588275e+34
2.715000000000000191e-01,8.581040688613681081e+34
2.725000000000000200e-01,8.501463356835603023e+34
2.735000000000000209e-01,8.713270376199885161e+34
2.745000000000000218e-01,8.117177370099237723e+34
2.755000000000000226e-01,8.076819217937739436e+34
2.765000000000000235e-01,8.184398285444625860e+34
2.775000000000000244e-01,8.332846367798601072e+34
2.785000000000000253e-01,8.249131885747066086e+34
2.795000000000000262e-01,7.456083966555902799e+34
2.805000000000000271e-01,7.760899101090340810e+34
2.814999999999999725e-01,8.168800822137790350e+34
2.824999999999999734e-01,8.092622461998487780e+34
2.834999999999999742e-01,7.769455751974017243e+34
2.844999999999999751e-01,7.659315192640795145e+34
2.854999999999999760e-01,7.677803157700281312e+34
2.864999999999999769e-01,7.846514662316113991e+34
2.874999999999999778e-01,7.702463348977451496e+34
2.884999999999999787e-01,7.687947431028395352e+34
2.894999999999999796e-01,7.633742148368064087e+34
2.909999999999999809e-01,7.719924803066831781e+34
2.929999999999999827e-01,7.508781785553842396e+34
2.949999999999999845e-01,7.352569068938813301e+34
2.969999999999999862e-01,7.297257116526326525e+34
2.989999999999999880e-01,7.183621873575763071e+34
3.009999999999999898e-01,7.154438094911683669e+34
3.029999999999999916e-01,7.075828650516839046e+34
3.049999999999999933e-01,6.947280284906178566e+34
3.069999999999999951e-01,6.822975549145126706e+34
3.089999999999999969e-01,6.761204234579258309e+34
3.109999999999999987e-01,6.624281070844195070e+34
3.130000000000000004e-01,6.528191029964256804e+34
3.150000000000000022e-01,6.444250428363362330e+34
3.170000000000000040e-01,6.337014727579576599e+34
3.190000000000000058e-01,6.135661849074013815e+34
3.210000000000000075e-01,6.142801962674934957e+34
3.230000000000000093e-01,6.033025108860257438e+34
3.250000000000000111e-01,5.979622610420134548e+34
3.270000000000000129e-01,5.929564049231112740e+34
3.290000000000000147e-01,5.842765248670332460e+34
3.310000000000000164e-01,5.781010683700715442e+34
3.330000000000000182e-01,5.684875179630959911e+34
3.350000000000000200e-01,5.581402156004494248e+34
3.370000000000000218e-01,5.490074982457876180e+34
3.390000000000000235e-01,5.420079616133847142e+34
3.410000000000000253e-01,5.365393380781226403e+34
3.430000000000000271e-01,5.265852923074033518e+34
3.449999999999999734e-01,5.202647125229430690e+34
3.469999999999999751e-01,5.137984112511182030e+34
3.489999999999999769e-01,5.081827501887862124e+34
3.509999999999999787e-01,5.043792758006019058e+34
3.529999999999999805e-01,4.964587506544609424e+34
3.549999999999999822e-01,4.926583869055799758e+34
3.569999999999999840e-01,4.816516290106232129e+34
3.589999999999999858e-01,4.730843301693319796e+34
3.609999999999999876e-01,4.692783433417104273e+34
3.629999999999999893e-01,4.648760708876312843e+34
3.639999999999999902e-01,4.639285222998416437e+34
3.649999999999999911e-01,4.644034929934684220e+34
3.669999999999999929e-01,4.563177450443303590e+34
3.689999999999999947e-01,4.261943140306913818e+34
3.709999999999999964e-01,4.393026676949804219e+34
3.729999999999999982e-01,4.365965311410393930e+34
3.750000000000000000e-01,5.017860793813670146e+34
3.770000000000000018e-01,5.118571330458815870e+34
3.790000000000000036e-01,5.631776566722779546e+34
3.810000000000000053e-01,6.097661800784400346e+34
3.830000000000000071e-01,5.140582692729211125e+34
3.850000000000000089e-01,6.272305055271777379e+34
3.870000000000000107e-01,6.538499210055665376e+34
3.890000000000000124e-01,4.788002495292104579e+34
3.910000000000000142e-01,6.482822355724899803e+34
3.930000000000000160e-01,6.138939984339852824e+34
3.950000000000000178e-01,6.219382313124207899e+34
3.970000000000000195e-01,4.338830965487327328e+34
3.990000000000000213e-01,6.128092227969286019e+34
4.010000000000000231e-01,6.357864385710143781e+34
4.030000000000000249e-01,6.162972065757693147e+34
4.050000000000000266e-01,6.229494283659559855e+34
4.069999999999999729e-01,6.021800486574092717e+34
4.089999999999999747e-01,5.447373083221276939e+34
4.109999999999999765e-01,4.596516325376820904e+34
4.129999999999999782e-01,5.695756435194023016e+34
4.149999999999999800e-01,5.777310219329461251e+34
4.169999999999999818e-01,5.731381630015503055e+34
4.189999999999999836e-01,5.689939539696758811e+34
4.209999999999999853e-01,5.627579596462721487e+34
4.229999999999999871e-01,5.512100701525058067e+34
4.249999999999999889e-01,5.478339497486123725e+34
4.269999999999999907e-01,5.311261078504547763e+34
4.289999999999999925e-01,5.277284522513844369e+34
4.309999999999999942e-01,5.075197054572799109e+34
4.329999999999999960e-01,4.541900677608391733e+34
4.349999999999999978e-01,4.101227175100419391e+34
4.369999999999999996e-01,5.052387693681121285e+34
4.390000000000000013e-01,4.940367590368836329e+34
4.410000000000000031e-01,4.960599906237662241e+34
4.430000000000000049e-01,4.916872692430689492e+34
4.450000000000000067e-01,4.906404194775184428e+34
4.470000000000000084e-01,4.763292055226185792e+34
4.490000000000000102e-01,4.799976063810536563e+34
4.510000000000000120e-01,4.891281702161976526e+34
4.530000000000000138e-01,4.704541649983765361e+34
4.550000000000000155e-01,4.663842523898630204e+34
4.570000000000000173e-01,4.707298154966427123e+34
4.590000000000000191e-01,4.598537044524266896e+34
4.610000000000000209e-01,4.581405796760933967e+34
4.630000000000000226e-01,4.486161610491560283e+34
4.650000000000000244e-01,4.461268121266637294e+34
4.670000000000000262e-01,4.451041296357009802e+34
4.689999999999999725e-01,4.384715288011199710e+34
4.709999999999999742e-01,4.243957663134890618e+34
4.729999999999999760e-01,4.277715277974628762e+34
4.749999999999999778e-01,4.258465206285821995e+34
4.769999999999999796e-01,4.228379342223769388e+34
4.789999999999999813e-01,4.170430524801826802e+34
4.809999999999999831e-01,4.099335667124036030e+34
4.829999999999999849e-01,4.046646222924220277e+34
4.849999999999999867e-01,3.603271249821261501e+34
4.869999999999999885e-01,3.145671083904138536e+34
4.889999999999999902e-01,3.875793162788002360e+34
4.909999999999999920e-01,3.894143541878301590e+34
4.929999999999999938e-01,3.790433631104888771e+34
4.949999999999999956e-01,3.857581566066622439e+34
4.969999999999999973e-01,3.805312058172757122e+34
4.989999999999999991e-01,3.690083210779093273e+34
5.010000000000000009e-01,3.550423880856813081e+34
5.030000000000000027e-01,3.612648630921128676e+34
5.050000000000000044e-01,3.536768174315107689e+34
5.070000000000000062e-01,3.583947001349067893e+34
5.090000000000000080e-01,3.490437594691177275e+34
5.110000000000000098e-01,3.472429385924246826e+34
5.130000000000000115e-01,3.392328031063525853e+34
5.150000000000000133e-01,3.334338536050694110e+34
5.170000000000000151e-01,3.272233425959584005e+34
5.190000000000000169e-01,3.269981801663851801e+34
5.210000000000000187e-01,3.251105006691446753e+34
5.230000000000000204e-01,3.304508701531302017e+34
5.250000000000000222e-01,3.312075929836566450e+34
5.270000000000000240e-01,3.169829983693577666e+34
5.290000000000000258e-01,3.276438771017766370e+34
5.310000000000000275e-01,3.295424438365788778e+34
5.330000000000000293e-01,3.153182081421996652e+34
5.350000000000000311e-01,3.215124481149546903e+34
5.370000000000000329e-01,3.194374124196739941e+34
5.390000000000000346e-01,3.127425987990260469e+34
5.410000000000000364e-01,3.090483557063785821e+34
5.430000000000000382e-01,3.070454629149410303e+34
5.450000000000000400e-01,3.085330663417814369e+34
5.470000000000000417e-01,3.026571883377269632e+34
5.490000000000000435e-01,3.012637415697994633e+34
5.510000000000000453e-01,2.972805679418600317e+34
5.530000000000000471e-01,2.990447789867520980e+34
5.550000000000000488e-01,2.983677363783807666e+34
5.570000000000000506e-01,2.948194540530443595e+34
5.590000000000000524e-01,2.902178614036044298e+34
5.610000000000000542e-01,2.919802778488984437e+34
5.629999999999999449e-01,2.880085896583867964e+34
5.649999999999999467e-01,2.862494034923693598e+34
5.669999999999999485e-01,2.816624069196605083e+34
5.689999999999999503e-01,2.841825033152666333e+34
5.709999999999999520e-01,2.776322147822512651e+34
5.729999999999999538e-01,2.851332821823328511e+34
5.749999999999999556e-01,2.778269886586302330e+34
5.769999999999999574e-01,2.780355211319278944e+34
5.789999999999999591e-01,2.704335972344339109e+34
5.809999999999999609e-01,2.742255861851904794e+34
5.829999999999999627e-01,2.765822543773975110e+34
5.849999999999999645e-01,2.705933165986635701e+34
5.869999999999999662e-01,2.659429108401557303e+34
5.889999999999999680e-01,2.567339828225619096e+34
5.909999999999999698e-01,2.639634674834663734e+34
5.929999999999999716e-01,2.630412825699964019e+34
5.949999999999999734e-01,2.603923339232476351e+34
5.969999999999999751e-01,2.621266349748383519e+34
5.989999999999999769e-01,2.566476027619073990e+34
6.009999999999999787e-01,2.538989940174782851e+34
6.029999999999999805e-01,2.562368787338919472e+34
6.049999999999999822e-01,2.565429177853523299e+34
6.069999999999999840e-01,2.550003996108104784e+34
6.089999999999999858e-01,2.480290980120840167e+34
6.109999999999999876e-01,2.470792762648035590e+34
6.129999999999999893e-01,2.392743233327793546e+34
6.149999999999999911e-01,2.404885494208446328e+34
6.169999999999999929e-01,2.351705526118485805e+34
6.189999999999999947e-01,2.400590419170359038e+34
6.209999999999999964e-01,2.368865487475387849e+34
6.229999999999999982e-01,2.315395990650269588e+34
6.250000000000000000e-01,2.254800737021016357e+34
6.270000000000000018e-01,2.301850352883913469e+34
6.290000000000000036e-01,2.320181589578500264e+34
6.310000000000000053e-01,2.269905283638243735e+34
6.330000000000000071e-01,2.281909958549709580e+34
6.350000000000000089e-01,2.255275707714643044e+34
6.370000000000000107e-01,2.237799896828477510e+34
6.390000000000000124e-01,2.256016279148786923e+34
6.410000000000000142e-01,2.223250479686925525e+34
6.430000000000000160e-01,2.221096960169222090e+34
6.450000000000000178e-01,2.206353726271075468e+34
6.470000000000000195e-01,2.196678441637926249e+34
6.490000000000000213e-01,2.145394767123276735e+34
6.510000000000000231e-01,2.173270880880219129e+34
6.530000000000000249e-01,2.148002918539162509e+34
6.550000000000000266e-01,2.042244771424466726e+34
6.570000000000000284e-01,1.849360010222408976e+34
6.590000000000000302e-01,2.095837497421987365e+34
6.610000000000000320e-01,2.118978261039444919e+34
6.630000000000000338e-01,2.109762393903405686e+34
6.650000000000000355e-01,2.104652570647787676e+34
6.670000000000000373e-01,2.057966660303435835e+34
6.690000000000000391e-01,2.065146255095513530e+34
6.710000000000000409e-01,2.006781090566815552e+34
6.730000000000000426e-01,2.035292492581480431e+34
6.750000000000000444e-01,2.000215248837283622e+34
6.770000000000000462e-01,1.998698213977034354e+34
6.790000000000000480e-01,1.970085117985144739e+34
6.810000000000000497e-01,1.974692453353298399e+34
6.830000000000000515e-01,1.979369179905911945e+34
6.850000000000000533e-01,1.942687564121025459e+34
6.870000000000000551e-01,1.954608491051247784e+34
6.889999999999999458e-01,1.970507447090561074e+34
6.909999999999999476e-01,1.956679458987439380e+34
6.929999999999999494e-01,1.931687864984488545e+34
6.949999999999999512e-01,1.916997272674553196e+34
6.969999999999999529e-01,1.929558273461425424e+34
6.989999999999999547e-01,1.906415117044504046e+34
7.009999999999999565e-01,1.877861841039216715e+34
7.029999999999999583e-01,1.897126269524808039e+34
7.049999999999999600e-01,1.909175211226360391e+34
7.069999999999999618e-01,1.858488540178008261e+34
7.089999999999999636e-01,1.813251469909178407e+34
7.109999999999999654e-01,1.751332998176269392e+34
7.129999999999999671e-01,1.720598685459441423e+34
7.149999999999999689e-01,1.719797097638962887e+34
7.169999999999999707e-01,1.732762481535270926e+34
7.189999999999999725e-01,1.703506918887266431e+34
7.209999999999999742e-01,1.724022781492590291e+34
7.229999999999999760e-01,1.744042138209110052e+34
7.249999999999999778e-01,1.750916651069513078e+34
7.269999999999999796e-01,1.749894925698335536e+34
7.289999999999999813e-01,1.724630552556475343e+34
7.309999999999999831e-01,1.744032567011253834e+34
7.329999999999999849e-01,1.744700158061741632e+34
7.349999999999999867e-01,1.739689635983884303e+34
7.369999999999999885e-01,1.766822785507218762e+34
7.389999999999999902e-01,1.738852156171444027e+34
7.409999999999999920e-01,1.727201615580667235e+34
7.429999999999999938e-01,1.735156477399118406e+34
7.449999999999999956e-01,1.736929541802027497e+34
7.469999999999999973e-01,1.732074551689337858e+34
7.489999999999999991e-01,1.721554608845355508e+34
7.510000000000000009e-01,1.735644608489797507e+34
7.530000000000000027e-01,1.743789697865646196e+34
7.550000000000000044e-01,1.744456092516402081e+34
7.570000000000000062e-01,1.730263202495002743e+34
7.590000000000000080e-01,1.713645210216722986e+34
7.610000000000000098e-01,1.706125837900740565e+34
7.630000000000000115e-01,1.692863746870882163e+34
7.650000000000000133e-01,1.677711344264372543e+34
7.670000000000000151e-01,1.627966239805149479e+34
7.690000000000000169e-01,1.648741721152329590e+34
7.710000000000000187e-01,1.621234098512861729e+34
7.730000000000000204e-01,1.613758992986965584e+34
7.750000000000000222e-01,1.604295471106390142e+34
7.770000000000000240e-01,1.608368015794314371e+34
7.790000000000000258e-01,1.622921022135062784e+34
7.810000000000000275e-01,1.615965154092879831e+34
7.830000000000000293e-01,1.596558354039173461e+34
7.850000000000000311e-01,1.569700376454212413e+34
7.870000000000000329e-01,1.589567790404761142e+34
7.890000000000000346e-01,1.545430211489691638e+34
7.910000000000000364e-01,1.519686082055276651e+34
7.930000000000000382e-01,1.527382521531603022e+34
7.950000000000000400e-01,1.500928927056077324e+34
7.970000000000000417e-01,1.544290042545040979e+34
7.990000000000000435e-01,1.539488890420294295e+34
8.010000000000000453e-01,1.543139106002801498e+34
8.030000000000000471e-01,1.536374661917748205e+34
8.050000000000000488e-01,1.529855479777766145e+34
8.070000000000000506e-01,1.517117411830549044e+34
8.090000000000000524e-01,1.490820545719922718e+34
8.110000000000000542e-01,1.488150181517970376e+34
8.129999999999999449e-01,1.507216007648040337e+34
8.149999999999999467e-01,1.503526310874374507e+34
8.169999999999999485e-01,1.507671835945954127e+34
8.189999999999999503e-01,1.481855922527615199e+34
8.209999999999999520e-01,1.471469976453623127e+34
8.229999999999999538e-01,1.490514267388515907e+34
8.249999999999999556e-01,1.485203448977912249e+34
8.269999999999999574e-01,1.501801102460747428e+34
8.289999999999999591e-01,1.486458472296840981e+34
8.309999999999999609e-01,1.435263331362364019e+34
8.329999999999999627e-01,1.435247778165847319e+34
8.349999999999999645e-01,1.429269368704755633e+34
8.369999999999999662e-01,1.432834639906287173e+34
8.389999999999999680e-01,1.393352252348654494e+34
8.409999999999999698e-01,1.426472186131204715e+34
8.429999999999999716e-01,1.371285855690583911e+34
8.449999999999999734e-01,1.354131876332342120e+34
8.469999999999999751e-01,1.354610436225165003e+34
8.489999999999999769e-01,1.374686023729091773e+34
8.509999999999999787e-01,1.305296035669482810e+34
8.529999999999999805e-01,1.381966116098662061e+34
8.549999999999999822e-01,1.278010943380177318e+34
8.569999999999999840e-01,1.403649664842473784e+34
8.589999999999999858e-01,1.354673845410964175e+34
8.609999999999999876e-01,1.353262093727136301e+34
8.629999999999999893e-01,1.412336723296944528e+34
8.649999999999999911e-01,1.402240305958109964e+34
8.669999999999999929e-01,1.259640225494432587e+34
8.689999999999999947e-01,1.361658427046716243e+34
8.709999999999999964e-01,1.407962685876541827e+34
8.729999999999999982e-01,1.394089234583601715e+34
8.750000000000000000e-01,1.313687583390134643e+34
8.770000000000000018e-01,1.379783882987389050e+34
8.790000000000000036e-01,1.403735805623182281e+34
8.810000000000000053e-01,1.374468278977857283e+34
8.830000000000000071e-01,1.381988847693571155e+34
8.850000000000000089e-01,1.362292518904707278e+34
8.870000000000000107e-01,1.290780117720427818e+34
8.890000000000000124e-01,1.379143809130738225e+34
8.910000000000000142e-01,1.403601808853191772e+34
8.930000000000000160e-01,1.369101229779846615e+34
8.950000000000000178e-01,1.367421484556037955e+34
8.970000000000000195e-01,1.365910431694449169e+34
8.990000000000000213e-01,1.351485440125030783e+34
9.010000000000000231e-01,1.251734416064996262e+34
9.030000000000000249e-01,1.303859159591281557e+34
9.050000000000000266e-01,1.369676698050966356e+34
9.070000000000000284e-01,1.361727818231175667e+34
9.090000000000000302e-01,1.319386035313925270e+34
9.110000000000000320e-01,1.329890424961391151e+34
9.130000000000000338e-01,1.353174756546695892e+34
9.150000000000000355e-01,1.339166112084033590e+34
9.170000000000000373e-01,1.331938661302673653e+34
9.190000000000000391e-01,1.341489520363689273e+34
9.210000000000000409e-01,1.281761656540178036e+34
9.230000000000000426e-01,1.220324137499555959e+34
9.250000000000000444e-01,1.260720574452480733e+34
9.270000000000000462e-01,1.278732372418607840e+34
9.290000000000000480e-01,1.279421498664273280e+34
9.310000000000000497e-01,1.293287771558820537e+34
9.330000000000000515e-01,1.284828029053441423e+34
9.350000000000000533e-01,1.278666570433344843e+34
9.370000000000000551e-01,1.254693112602374662e+34
9.389999999999999458e-01,1.270321682302243110e+34
9.409999999999999476e-01,1.235346132535271268e+34
9.429999999999999494e-01,1.265437978595983896e+34
9.449999999999999512e-01,1.236622691049376721e+34
9.469999999999999529e-01,1.257119411258987223e+34
9.489999999999999547e-01,1.256244843054853296e+34
9.509999999999999565e-01,1.237244818910046561e+34
9.529999999999999583e-01,1.216836632280608150e+34
9.549999999999999600e-01,1.139362092671593220e+34
9.569999999999999618e-01,1.194454505733247868e+34
9.589999999999999636e-01,1.232816943501701367e+34
9.609999999999999654e-01,1.214646024371210602e+34
9.629999999999999671e-01,1.213740349774042814e+34
9.649999999999999689e-01,1.191110448842173456e+34
9.669999999999999707e-01,1.185150583576928480e+34
9.689999999999999725e-01,1.204316309084625309e+34
9.709999999999999742e-01,1.191995066804056919e+34
9.729999999999999760e-01,1.182397907073410496e+34
9.749999999999999778e-01,1.173314481387709410e+34
9.769999999999999796e-01,1.175884228372196291e+34
9.789999999999999813e-01,1.154887532714558362e+34
9.809999999999999831e-01,1.184897664673571766e+34
9.829999999999999849e-01,1.168270819037274385e+34
9.849999999999999867e-01,1.178159661022596402e+34
9.869999999999999885e-01,1.167212124914376521e+34
9.889999999999999902e-01,1.162844906972446456e+34
9.909999999999999920e-01,1.155754204680460840e+34
9.929999999999999938e-01,1.154880952516032155e+34
9.949999999999999956e-01,1.150550224765929785e+34
9.969999999999999973e-01,1.150083987790347163e+34
9.989999999999999991e-01,1.142141927449029110e+34
1.002499999999999947e+00,1.109361053350543638e+34
1.007500000000000062e+00,1.081849602231932691e+34
1.012499999999999956e+00,1.106286306039155715e+34
1.017500000000000071e+00,1.090482942338433349e+34
1.022499999999999964e+00,1.086524534184947907e+34
1.027500000000000080e+00,1.082123817050520158e+34
1.032499999999999973e+00,1.057431442620556838e+34
1.037500000000000089e+00,1.044788967011930662e+34
1.042499999999999982e+00,1.043731947848658028e+34
1.047500000000000098e+00,1.029867708833654722e+34
1.052499999999999991e+00,1.026038392211258120e+34
1.057500000000000107e+00,1.008672650100442089e+34
1.062500000000000000e+00,1.002118533088284118e+34
1.067499999999999893e+00,9.771756325544276788e+33
1.072500000000000009e+00,9.742746024841343986e+33
1.077499999999999902e+00,9.619288340090589312e+33
1.082500000000000018e+00,9.439739846701775422e+33
1.087499999999999911e+00,9.396298572430764444e+33
1.092500000000000027e+00,9.168811538178136341e+33
1.097499999999999920e+00,9.177457919041714701e+33
1.102500000000000036e+00,9.247842115278666079e+33
1.107499999999999929e+00,9.186265813869125384e+33
1.112500000000000044e+00,9.090313358958373132e+33
1.117499999999999938e+00,8.958501214878658662e+33
1.122500000000000053e+00,8.917552041249523012e+33
1.127499999999999947e+00,8.733987233960193746e+33
1.132500000000000062e+00,8.666809389005158360e+33
1.137499999999999956e+00,8.575107742342408736e+33
1.142500000000000071e+00,8.457721786231843872e+33
1.147499999999999964e+00,8.517533398036600012e+33
1.152500000000000080e+00,8.455604158706103790e+33
1.157499999999999973e+00,8.303821710298883251e+33
1.162500000000000089e+00,8.159991730910652597e+33
1.167499999999999982e+00,8.124417981277649383e+33
1.172500000000000098e+00,8.158424447261656571e+33
1.177499999999999991e+00,7.976491529206852110e+33
1.182500000000000107e+00,7.909332826647531004e+33
1.187500000000000000e+00,7.759675184164445708e+33
1.192499999999999893e+00,7.858967987127101232e+33
1.197500000000000009e+00,7.567101486892721956e+33
1.202499999999999902e+00,7.684818845729067241e+33
1.207500000000000018e+00,7.573233035519517739e+33
1.212499999999999911e+00,7.547205359348605265e+33
1.217500000000000027e+00,7.532209685106995017e+33
1.222499999999999920e+00,7.452676620119002313e+33
1.227500000000000036e+00,7.378818079060159229e+33
1.232499999999999929e+00,7.294658536308297661e+33
1.237500000000000044e+00,7.261877183649920255e+33
1.242499999999999938e+00,7.183356272835246339e+33
1.247500000000000053e+00,7.147004863376410437e+33
1.252499999999999947e+00,7.036455135334823727e+33
1.257500000000000062e+00,7.002443883751890275e+33
1.262499999999999956e+00,6.950351443018370061e+33
1.267500000000000071e+00,6.858252591644575637e+33
1.272499999999999964e+00,6.838350482101797080e+33
1.277500000000000080e+00,6.807172305084376517e+33
1.282499999999999973e+00,6.431263509271877570e+33
1.287500000000000089e+00,6.636822929235355092e+33
1.292499999999999982e+00,6.529157720947759941e+33
1.297500000000000098e+00,6.602172800195502497e+33
1.302499999999999991e+00,6.487788611012671087e+33
1.307500000000000107e+00,6.517584946339566187e+33
1.312500000000000000e+00,6.374338810020577273e+33
1.317499999999999893e+00,6.352444694923923224e+33
1.322500000000000009e+00,6.344932501006334119e+33
1.327499999999999902e+00,6.217842546669051843e+33
1.332500000000000018e+00,6.264790468554724680e+33
1.337499999999999911e+00,6.176211425192642224e+33
1.342500000000000027e+00,6.206962487505719035e+33
1.347499999999999920e+00,6.152178147375069528e+33
1.352500000000000036e+00,6.119249637549647814e+33
1.357499999999999929e+00,6.005622769397208435e+33
1.362500000000000044e+00,5.962660055019021033e+33
1.367499999999999938e+00,5.975010489453052086e+33
1.372500000000000053e+00,5.972873719531597724e+33
1.377499999999999947e+00,5.921165323112067591e+33
1.382500000000000062e+00,5.918164752584067431e+33
1.387499999999999956e+00,5.835491138299423115e+33
1.392500000000000071e+00,5.856986852285301374e+33
1.397499999999999964e+00,5.846241986291692601e+33
1.402500000000000080e+00,5.731802762721186094e+33
1.407499999999999973e+00,5.779000732150859425e+33
1.412500000000000089e+00,5.687375655070960005e+33
1.417499999999999982e+00,5.729447051648765791e+33
1.422500000000000098e+00,5.629573994816060343e+33
1.427499999999999991e+00,5.512039685138723641e+33
1.432500000000000107e+00,5.613536256407828896e+33
1.437500000000000000e+00,5.610740270234010120e+33
1.442499999999999893e+00,5.433116784014078659e+33
1.447500000000000009e+00,5.539129764271702583e+33
1.452499999999999902e+00,5.455782576937910449e+33
1.457000000000000073e+00,5.479696214782276963e+33
1.461999999999999966e+00,5.465546395151232681e+33
1.467500000000000027e+00,5.448872172085545223e+33
1.472499999999999920e+00,5.336678590812111130e+33
1.477500000000000036e+00,5.365520199152824518e+33
1.482499999999999929e+00,5.347428242404649626e+33
1.487500000000000044e+00,5.283983164613633742e+33
1.492499999999999938e+00,5.385820709806377712e+33
1.497500000000000053e+00,5.288692193959014675e+33
1.502499999999999947e+00,5.249011204045859019e+33
1.507500000000000062e+00,5.180974344083208135e+33
1.512499999999999956e+00,5.248947794860060077e+33
1.517500000000000071e+00,5.242195314772327288e+33
1.522499999999999964e+00,5.231728013516554827e+33
1.527500000000000080e+00,5.247708324737648044e+33
1.532499999999999973e+00,5.194805921385524988e+33
1.537500000000000089e+00,5.244957801753648379e+33
1.542499999999999982e+00,5.202569359246846729e+33
1.547500000000000098e+00,5.204307728057526454e+33
1.552499999999999991e+00,5.114741654916498473e+33
1.557500000000000107e+00,4.862958134905244765e+33
1.562500000000000000e+00,5.015948947041843360e+33
1.567499999999999893e+00,4.950881551214157506e+33
1.572500000000000009e+00,5.054580694389983233e+33
1.577499999999999902e+00,4.668515661252047553e+33
1.582500000000000018e+00,4.775600615669595662e+33
1.587499999999999911e+00,4.684602452049293960e+33
1.592500000000000027e+00,4.838227356043882553e+33
1.597499999999999920e+00,4.703771168556319878e+33
1.604999999999999982e+00,4.990738411887925430e+33
1.614999999999999991e+00,4.932523993725465420e+33
1.625000000000000000e+00,4.937705600965007486e+33
1.635000000000000009e+00,4.894141097521593322e+33
1.645000000000000018e+00,4.765708782684942827e+33
1.655000000000000027e+00,4.752324658882414420e+33
1.665000000000000036e+00,4.678947070515857467e+33
1.675000000000000044e+00,4.555979909655245486e+33
1.685000000000000053e+00,4.430491934559187335e+33
1.695000000000000062e+00,4.459798942395671306e+33
1.705000000000000071e+00,4.299831923421444834e+33
1.715000000000000080e+00,4.283179235550935942e+33
1.725000000000000089e+00,4.124844105811236580e+33
1.735000000000000098e+00,4.022926401836445979e+33
1.745000000000000107e+00,3.993259277680613625e+33
1.754999999999999893e+00,3.922031619632564025e+33
1.764999999999999902e+00,3.868838491145551088e+33
1.774999999999999911e+00,3.776018210733327179e+33
1.784999999999999920e+00,3.750160423324365685e+33
1.794999999999999929e+00,3.660545297794323319e+33
1.804999999999999938e+00,3.571132363818998052e+33
1.814999999999999947e+00,3.501449257825035500e+33
1.824999999999999956e+00,3.445165828830118631e+33
1.834999999999999964e+00,3.383459119849783625e+33
1.844999999999999973e+00,3.306486350288393760e+33
1.854999999999999982e+00,3.278703555710551566e+33
1.864999999999999991e+00,3.176048869500813052e+33
1.875000000000000000e+00,3.104187119594774031e+33
1.885000000000000009e+00,3.098786571204266025e+33
1.895000000000000018e+00,2.953049530643133349e+33
1.905000000000000027e+00,3.020638937105995211e+33
1.915000000000000036e+00,2.953772156081295552e+33
1.925000000000000044e+00,2.916254256883701970e+33
1.935000000000000053e+00,2.823514135253524693e+33
1.945000000000000062e+00,2.743690345130641531e+33
1.955000000000000071e+00,2.764331829707831709e+33
1.965000000000000080e+00,2.712729912864455343e+33
1.975000000000000089e+00,2.650197688069000794e+33
1.985000000000000098e+00,2.623794342382221508e+33
1.995000000000000107e+00,2.586449921145775045e+33
2.004999999999999893e+00,2.575889300710902962e+33
2.015000000000000124e+00,2.536825653059490479e+33
2.024999999999999911e+00,2.453578963303190246e+33
2.035000000000000142e+00,2.422224915525156837e+33
2.044999999999999929e+00,2.425918201498018807e+33
2.055000000000000160e+00,2.375383473215637767e+33
2.064999999999999947e+00,2.329464455099534866e+33
2.075000000000000178e+00,2.300584561967396665e+33
2.084999999999999964e+00,2.255809301995140736e+33
2.095000000000000195e+00,2.208398373413162177e+33
2.104999999999999982e+00,2.204344971120950959e+33
2.115000000000000213e+00,2.156539230627393614e+33
2.125000000000000000e+00,2.119444856934947933e+33
2.134999999999999787e+00,2.112352599323310013e+33
2.145000000000000018e+00,2.075770284716185304e+33
2.154999999999999805e+00,2.037630257657920844e+33
2.165000000000000036e+00,1.990470573019673768e+33
2.174999999999999822e+00,1.961298758352914120e+33
2.185000000000000053e+00,1.941769925526538090e+33
2.194999999999999840e+00,1.919448695725538848e+33
2.205000000000000071e+00,1.861623107475998929e+33
2.214999999999999858e+00,1.871636973233321078e+33
2.225000000000000089e+00,1.810846706447742393e+33
2.234999999999999876e+00,1.793142383212754009e+33
2.245000000000000107e+00,1.770004012394759933e+33
2.254999999999999893e+00,1.753059402989628441e+33
2.265000000000000124e+00,1.707483751596625945e+33
2.274999999999999911e+00,1.710467572528377839e+33
2.285000000000000142e+00,1.667534768143490540e+33
2.294999999999999929e+00,1.404204794318148773e+33
2.305000000000000160e+00,1.514362103247620117e+33
2.314999999999999947e+00,1.490885151305453918e+33
2.325000000000000178e+00,1.275341775577956801e+33
2.334999999999999964e+00,1.383245067412231742e+33
2.345000000000000195e+00,1.330136883306194871e+33
2.354999999999999982e+00,1.147938603790821432e+33
2.365000000000000213e+00,1.273581871572099952e+33
2.375000000000000000e+00,1.220334905097144637e+33
2.384999999999999787e+00,1.086268743922234052e+33
2.395000000000000018e+00,1.184512304319875811e+33
2.404999999999999805e+00,1.163554372013556849e+33
2.415000000000000036e+00,1.047143122764700391e+33
2.424999999999999822e+00,1.123033150568578085e+33
2.435000000000000053e+00,1.107164942002378466e+33
2.444999999999999840e+00,1.038677517900634095e+33
2.455000000000000071e+00,1.042318042645312153e+33
2.464999999999999858e+00,1.077618893499430778e+33
2.475000000000000089e+00,1.037315656085633019e+33
2.484999999999999876e+00,9.827696387816092099e+32
2.495000000000000107e+00,1.015250934387187667e+33
2.504999999999999893e+00,1.051456383078714719e+33
2.515000000000000124e+00,9.512306276049996525e+32
2.524999999999999911e+00,9.973439410375886352e+32
2.535000000000000142e+00,9.951115787775424554e+32
2.544999999999999929e+00,9.734944302188596567e+32
2.555000000000000160e+00,9.521792529525481291e+32
2.564999999999999947e+00,9.537556292395074581e+32
2.575000000000000178e+00,9.626390168900080048e+32
2.584999999999999964e+00,9.055639301923879992e+32
2.595000000000000195e+00,9.171227069237162041e+32
2.604999999999999982e+00,9.323374419562657802e+32
2.615000000000000213e+00,9.035143778114000249e+32
2.625000000000000000e+00,8.863593216933993911e+32
2.634999999999999787e+00,8.989448486747793013e+32
2.645000000000000018e+00,8.926001016157315149e+32
2.654999999999999805e+00,8.736596581775811835e+32
2.665000000000000036e+00,8.543660375385275416e+32
2.674999999999999822e+00,8.777942960115990845e+32
2.685000000000000053e+00,8.675671121820509692e+32
2.694999999999999840e+00,8.342795627970391963e+32
2.705000000000000071e+00,8.481424857723369443e+32
2.714999999999999858e+00,8.379700970505172960e+32
2.725000000000000089e+00,8.391475936668084389e+32
2.734999999999999876e+00,8.064661403860570070e+32
2.745000000000000107e+00,8.155441822729635090e+32
2.754999999999999893e+00,8.127864808905708440e+32
2.765000000000000124e+00,7.982310817503579159e+32
2.774999999999999911e+00,7.776576723179222952e+32
2.785000000000000142e+00,7.842509116013187034e+32
2.794999999999999929e+00,7.841573531422717297e+32
2.805000000000000160e+00,7.740327007697609364e+32
2.814999999999999947e+00,7.551359259218307807e+32
2.825000000000000178e+00,7.542606398778576833e+32
2.834999999999999964e+00,7.528803535069826500e+32
2.845000000000000195e+00,7.421235235160527399e+32
2.854999999999999982e+00,7.315081079734521898e+32
2.865000000000000213e+00,7.244444443154108624e+32
2.875000000000000000e+00,7.156281746898784961e+32
2.884999999999999787e+00,7.104561386481934266e+32
2.895000000000000018e+00,7.029847419614668077e+32
2.904999999999999805e+00,6.944753488672072374e+32
2.915000000000000036e+00,6.893942392051585146e+32
2.924999999999999822e+00,6.734852334080958327e+32
2.935000000000000053e+00,6.759104553049497541e+32
2.944999999999999840e+00,6.639740948181842894e+32
2.955000000000000071e+00,6.569640298681392865e+32
2.964999999999999858e+00,6.536205711769311181e+32
2.975000000000000089e+00,6.464818932556898011e+32
2.984999999999999876e+00,6.367565991137399502e+32
2.995000000000000107e+00,6.297172223702593289e+32
3.004999999999999893e+00,6.221290570696840016e+32
3.015000000000000124e+00,6.179588861636241482e+32
3.024999999999999911e+00,6.078684508234503541e+32
3.035000000000000142e+00,5.967454028745377455e+32
3.044999999999999929e+00,5.949180219237928429e+32
3.055000000000000160e+00,5.872159593687256322e+32
3.064999999999999947e+00,5.807534865760434090e+32
3.075000000000000178e+00,5.758627241113650437e+32
3.084999999999999964e+00,5.654171973307164102e+32
3.095000000000000195e+00,5.601646435870640432e+32
3.104999999999999982e+00,5.567142267598100001e+32
3.115000000000000213e+00,5.455007309911536569e+32
3.125000000000000000e+00,5.423898524078574651e+32
3.134999999999999787e+00,5.364709040134489821e+32
3.145000000000000018e+00,5.297128008469750651e+32
3.154999999999999805e+00,5.232835879668439685e+32
3.165000000000000036e+00,5.155036397892199432e+32
3.174999999999999822e+00,5.122372292407561761e+32
3.185000000000000053e+00,5.057008189446327908e+32
3.194999999999999840e+00,5.010774518200693285e+32
3.209999999999999964e+00,4.914649781728526056e+32
3.229999999999999982e+00,4.793336045297617446e+32
3.250000000000000000e+00,4.685231758308356541e+32
3.270000000000000018e+00,4.571089241871400483e+32
3.290000000000000036e+00,4.451383466680378007e+32
3.310000000000000053e+00,4.361691771567483419e+32
3.330000000000000071e+00,4.261483722809802563e+32
3.350000000000000089e+00,4.182309577741428116e+32
3.370000000000000107e+00,4.081743805463861434e+32
3.390000000000000124e+00,3.986073700889875938e+32
3.410000000000000142e+00,3.889300515762933002e+32
3.430000000000000160e+00,3.821800839279974623e+32
3.450000000000000178e+00,3.744032463896766761e+32
3.470000000000000195e+00,3.660250983460236867e+32
3.490000000000000213e+00,3.584173120898426199e+32
3.509999999999999787e+00,3.512841376073687550e+32
3.529999999999999805e+00,3.426199303877809236e+32
3.549999999999999822e+00,3.364322706135521520e+32
3.569999999999999840e+00,3.289385012518362117e+32
3.589999999999999858e+00,3.219460233778523204e+32
3.609999999999999876e+00,3.162229256195815750e+32
3.629999999999999893e+00,3.097177413564647965e+32
3.649999999999999911e+00,3.020466655544578866e+32
3.669999999999999929e+00,2.959298326443670021e+32
3.689999999999999947e+00,2.878004161050088325e+32
3.709999999999999964e+00,2.814262376125523649e+32
3.729999999999999982e+00,2.773579999636636902e+32
3.750000000000000000e+00,2.691310768461428225e+32
3.770000000000000018e+00,2.667990544884161095e+32
3.790000000000000036e+00,2.613798422620880200e+32
3.810000000000000053e+00,2.568226360427073699e+32
3.830000000000000071e+00,2.526085572664809267e+32
3.850000000000000089e+00,2.481220582712649206e+32
3.870000000000000107e+00,2.418292349605883440e+32
3.890000000000000124e+00,2.377444869953972410e+32
3.910000000000000142e+00,2.335348348981794225e+32
3.930000000000000160e+00,2.294366872559892744e+32
3.950000000000000178e+00,2.236242184377338740e+32
3.970000000000000195e+00,2.199067651902844770e+32
3.990000000000000213e+00,2.140100698308922164e+32
4.009999999999999787e+00,2.110894188049932112e+32
4.030000000000000249e+00,2.080795163590826499e+32
4.049999999999999822e+00,2.033977649275949054e+32
4.070000000000000284e+00,2.004748407422049663e+32
4.089999999999999858e+00,1.969781232453201925e+32
4.110000000000000320e+00,1.934745862699627251e+32
4.129999999999999893e+00,1.903661004861306742e+32
4.150000000000000355e+00,1.864365255661874534e+32
4.169999999999999929e+00,1.825589940345887935e+32
4.190000000000000391e+00,1.793973881026534624e+32
4.209999999999999964e+00,1.758166833445782066e+32
4.230000000000000426e+00,1.739908577134851036e+32
4.250000000000000000e+00,1.700682219119878555e+32
4.269999999999999574e+00,1.676473070541692797e+32
4.290000000000000036e+00,1.541702229924600598e+32
4.309999999999999609e+00,1.409406740353135172e+32
4.330000000000000071e+00,1.433321574597234657e+32
4.349999999999999645e+00,1.326234227380222659e+32
4.370000000000000107e+00,1.274064020664119054e+32
4.389999999999999680e+00,1.233246451005510146e+32
4.410000000000000142e+00,1.146305039596670180e+32
4.429999999999999716e+00,1.138416099403455111e+32
4.450000000000000178e+00,1.108812862993315104e+32
4.469999999999999751e+00,1.045426887349063970e+32
4.490000000000000213e+00,1.065152527931363753e+32
4.509999999999999787e+00,1.025423562388953801e+32
4.530000000000000249e+00,9.856031919070144579e+31
4.549999999999999822e+00,9.956473265775577735e+31
4.570000000000000284e+00,9.797220497441391134e+31
4.589999999999999858e+00,9.319277946880091400e+31
4.610000000000000320e+00,9.537464169615704074e+31
4.629999999999999893e+00,9.256167861014055247e+31
4.650000000000000355e+00,9.149079317397308116e+31
4.669999999999999929e+00,9.173691652685200180e+31
4.690000000000000391e+00,8.967892952775311086e+31
4.709999999999999964e+00,8.760268546874303358e+31
4.730000000000000426e+00,8.912773620719686388e+31
4.750000000000000000e+00,8.663443916558881752e+31
4.769999999999999574e+00,8.554051107058195006e+31
4.790000000000000036e+00,8.485449546422011257e+31
4.809999999999999609e+00,8.213608384902811201e+31
4.830000000000000071e+00,8.382881000992981672e+31
4.849999999999999645e+00,8.187583101531363012e+31
4.870000000000000107e+00,7.990043148971869338e+31
4.889999999999999680e+00,7.903136672435204712e+31
4.910000000000000142e+00,7.799502134844912231e+31
4.929999999999999716e+00,7.691629949403669754e+31
4.950000000000000178e+00,7.518098150267376161e+31
4.969999999999999751e+00,7.570085307824474246e+31
4.990000000000000213e+00,7.419795966282861941e+31
5.009999999999999787e+00,7.365165961717647037e+31
5.030000000000000249e+00,7.271503415894054707e+31
5.049999999999999822e+00,7.072231076522539752e+31
5.070000000000000284e+00,7.065183085700989376e+31
5.089999999999999858e+00,6.960319845585873497e+31
5.110000000000000320e+00,6.832321823851959069e+31
5.129999999999999893e+00,6.783602033963109218e+31
5.150000000000000355e+00,6.661772649247684182e+31
5.169999999999999929e+00,6.705435257469125674e+31
5.190000000000000391e+00,6.571255438319671061e+31
5.209999999999999964e+00,6.508193208442914123e+31
5.230000000000000426e+00,6.384626651316541145e+31
5.250000000000000000e+00,6.363117776933608525e+31
5.269999999999999574e+00,6.410118340407491490e+31
5.290000000000000036e+00,6.196447330260664297e+31
5.309999999999999609e+00,6.088453112046754595e+31
5.330000000000000071e+00,6.092651278706542303e+31
5.349999999999999645e+00,6.011830887606856729e+31
5.370000000000000107e+00,5.954395325669968107e+31
5.389999999999999680e+00,5.902580449674285647e+31
5.410000000000000142e+00,5.844132733564073698e+31
5.429999999999999716e+00,5.714712192548744419e+31
5.450000000000000178e+00,5.742412435545074147e+31
5.469999999999999751e+00,5.598709274528438602e+31
5.490000000000000213e+00,5.591198277010580919e+31
5.509999999999999787e+00,5.474144920025530384e+31
5.530000000000000249e+00,5.600659406091693647e+31
5.549999999999999822e+00,5.374658300306279913e+31
5.570000000000000284e+00,5.413518560003243515e+31
5.589999999999999858e+00,5.302967635561924807e+31
5.610000000000000320e+00,5.317826920234079671e+31
5.629999999999999893e+00,5.171160277081139268e+31
5.650000000000000355e+00,5.190336171986558797e+31
5.669999999999999929e+00,5.124206373196806330e+31
5.690000000000000391e+00,4.997556693960920546e+31
5.709999999999999964e+00,5.028332880668370837e+31
5.730000000000000426e+00,4.973694501305031801e+31
5.750000000000000000e+00,4.910158497134380543e+31
5.769999999999999574e+00,4.849847986641357756e+31
5.790000000000000036e+00,4.840171505608475948e+31
5.809999999999999609e+00,4.759525788869669779e+31
5.830000000000000071e+00,4.716578627687997779e+31
5.849999999999999645e+00,4.664066250648525083e+31
5.870000000000000107e+00,4.575590097663401479e+31
5.889999999999999680e+00,4.539480360950438335e+31
5.910000000000000142e+00,4.480901040869702237e+31
5.929999999999999716e+00,4.462520751786102362e+31
5.950000000000000178e+00,4.385798029768712198e+31
5.969999999999999751e+00,4.374163042374452113e+31
5.990000000000000213e+00,4.327193585293601899e+31
6.009999999999999787e+00,4.278672397760274666e+31
6.030000000000000249e+00,4.228856705716861058e+31
6.049999999999999822e+00,4.155224284207375042e+31
6.070000000000000284e+00,4.117852345777091967e+31
6.089999999999999858e+00,4.064398402148490082e+31
6.110000000000000320e+00,4.013732069895584011e+31
6.129999999999999893e+00,3.988054938846163193e+31
6.150000000000000355e+00,3.953695534941200587e+31
6.169999999999999929e+00,3.931472409918229915e+31
6.190000000000000391e+00,3.875678308413724950e+31
6.209999999999999964e+00,3.848727011649662596e+31
6.230000000000000426e+00,3.785490107412026703e+31
6.250000000000000000e+00,3.726474101429088938e+31
6.269999999999999574e+00,3.687473862963475703e+31
6.290000000000000036e+00,3.653533198964733707e+31
6.309999999999999609e+00,3.611105275266775065e+31
6.330000000000000071e+00,3.593277722859384629e+31
6.349999999999999645e+00,3.541710501608237694e+31
6.370000000000000107e+00,3.525615336012867189e+31
6.389999999999999680e+00,3.468508784002293442e+31
6.419999999999999929e+00,3.417077952320602269e+31
6.459999999999999964e+00,3.332645630429831806e+31
6.500000000000000000e+00,3.264497505292099791e+31
6.540000000000000036e+00,3.190487021467284641e+31
6.580000000000000071e+00,3.129016003234165211e+31
6.620000000000000107e+00,3.056089457566594464e+31
6.660000000000000142e+00,2.991145290911311490e+31
6.700000000000000178e+00,2.929882446231569799e+31
6.740000000000000213e+00,2.860549885359100182e+31
6.780000000000000249e+00,2.800811253937999782e+31
6.820000000000000284e+00,2.738944227393569260e+31
6.860000000000000320e+00,2.684520003582269216e+31
6.900000000000000355e+00,2.623520366843580325e+31
6.940000000000000391e+00,2.568293358812069285e+31
6.980000000000000426e+00,2.513559267470165512e+31
7.019999999999999574e+00,2.458047516302425393e+31
7.059999999999999609e+00,2.408894629710571348e+31
7.099999999999999645e+00,2.356605979420993668e+31
7.139999999999999680e+00,2.308598047372718539e+31
7.179999999999999716e+00,2.258613662967084527e+31
7.219999999999999751e+00,2.212399134117162942e+31
7.259999999999999787e+00,2.164884118758495080e+31
7.299999999999999822e+00,2.120468975105588741e+31
7.339999999999999858e+00,2.075339580812644350e+31
7.379999999999999893e+00,2.033424912599738263e+31
7.419999999999999929e+00,1.987559732471578191e+31
7.459999999999999964e+00,1.943570507123284029e+31
7.500000000000000000e+00,1.904444646685804746e+31
7.540000000000000036e+00,1.867763030900918539e+31
7.580000000000000071e+00,1.833532838167018552e+31
7.620000000000000107e+00,1.796616728034648966e+31
7.660000000000000142e+00,1.760432814538299164e+31
7.700000000000000178e+00,1.724455878195595211e+31
7.740000000000000213e+00,1.690586998180776767e+31
7.780000000000000249e+00,1.657272051241900553e+31
7.820000000000000284e+00,1.624064780278909781e+31
7.860000000000000320e+00,1.592477434553125036e+31
7.900000000000000355e+00,1.561204741956871581e+31
7.940000000000000391e+00,1.530713298385651494e+31
7.980000000000000426e+00,1.501515162924785890e+31
8.019999999999999574e+00,1.470604979447345418e+31
8.060000000000000497e+00,1.442508728139704824e+31
8.099999999999999645e+00,1.415703392142954707e+31
8.140000000000000568e+00,1.388126378319026345e+31
8.179999999999999716e+00,1.362768685998065955e+31
8.220000000000000639e+00,1.337068823353736519e+31
8.259999999999999787e+00,1.311604651456622353e+31
8.300000000000000711e+00,1.287091617346494525e+31
8.339999999999999858e+00,1.262073702549437824e+31
8.380000000000000782e+00,1.238672123790391254e+31
8.419999999999999929e+00,1.216858167475784944e+31
8.460000000000000853e+00,1.193736905173959278e+31
8.500000000000000000e+00,1.172158519966595410e+31
8.539999999999999147e+00,1.151054746532938365e+31
8.580000000000000071e+00,1.130300202181069554e+31
8.619999999999999218e+00,1.110164794690539779e+31
8.660000000000000142e+00,1.090595523553220173e+31
8.699999999999999289e+00,1.070783263630319550e+31
8.740000000000000213e+00,1.051739451255319538e+31
8.779999999999999361e+00,1.032994260253440873e+31
8.820000000000000284e+00,1.014188890345039973e+31
8.859999999999999432e+00,9.964720049128649297e+30
8.900000000000000355e+00,9.790453660556873265e+30
8.939999999999999503e+00,9.621478947999987169e+30
8.980000000000000426e+00,9.446192030456761875e+30
9.019999999999999574e+00,9.293369910682385351e+30
9.060000000000000497e+00,9.136691794571585436e+30
9.099999999999999645e+00,8.963978332852018539e+30
9.140000000000000568e+00,8.821490713963153347e+30
9.179999999999999716e+00,8.674229460143380363e+30
9.220000000000000639e+00,8.532164170359932578e+30
9.259999999999999787e+00,8.385968908701421138e+30
9.300000000000000711e+00,8.247185343383010577e+30
9.339999999999999858e+00,8.107656421031523807e+30
9.380000000000000782e+00,7.974059248551579495e+30
9.419999999999999929e+00,7.842525865609435345e+30
9.460000000000000853e+00,7.709499375801682205e+30
9.500000000000000000e+00,7.584614386170580993e+30
9.539999999999999147e+00,7.461098077832955064e+30
9.580000000000000071e+00,7.340329899679865813e+30
9.619999999999999218e+00,7.220267597368688679e+30
9.660000000000000142e+00,7.105741036617742235e+30
9.699999999999999289e+00,6.990773004365667239e+30
9.740000000000000213e+00,6.869216398789150576e+30
9.779999999999999361e+00,6.766353539026035665e+30
9.820000000000000284e+00,6.660499679932773861e+30
9.859999999999999432e+00,6.554916207178958451e+30
9.900000000000000355e+00,6.452841774839268700e+30
9.939999999999999503e+00,6.349223986845224260e+30
9.980000000000000426e+00,6.251370452760231736e+30
1.001999999999999957e+01,6.153593488258093928e+30
2.000000000000000000e+01,4.003529172980595926e+29
4.000000000000000000e+01,2.521541646482454941e+28
6.000000000000000000e+01,4.961456528445814604e+27
8.000000000000000000e+01,1.561355488323110641e+27
1.000000000000000000e+02,6.359443633356460521e+26
1.200000000000000000e+02,3.050639856787072005e+26
1.400000000000000000e+02,1.638628554217247063e+26
1.600000000000000000e+02,9.565347461771039325e+25
